1776903796739 0.11926 0
1776903822763 0.09518 1
1776903848999 0.09937 2
1776903874257 0.09127 3
1776903899524 0.08355 4
1776903924794 0.07225 5
1776903950136 0.07003 6
1776903975321 0.06745 7
1776904000687 0.06304 8
1776904025921 0.05946 9
1776904051078 0.0618 10
1776904076258 0.05708 11
1776904101895 0.05559 12
1776904127428 0.05459 13
1776904152897 0.05248 14
1776904178462 0.05105 15
1776904203950 0.05269 16
1776904229564 0.05168 17
1776904255044 0.04951 18
1776904280511 0.04765 19
1776904306006 0.04925 20
1776904331491 0.04845 21
1776904356887 0.04812 22
1776904382123 0.04642 23
1776904407427 0.045 24
1776904432665 0.04676 25
1776904457766 0.04368 26
1776904482989 0.0461 27
1776904508286 0.04405 28
1776904533650 0.04251 29
1776904558718 0.04069 30
1776904583932 0.04196 31
1776904609262 0.04002 32
1776904634504 0.04094 33
1776904659557 0.04169 34
1776904684772 0.03943 35
1776904710031 0.0402 36
1776904735365 0.04032 37
1776904760537 0.03991 38
1776904785759 0.0383 39
1776904811073 0.03798 40
1776904836403 0.03759 41
1776904861584 0.03716 42
1776904886816 0.03862 43
1776904911996 0.03818 44
1776904937319 0.0362 45
1776904962476 0.03659 46
1776904987836 0.03795 47
1776905013047 0.03704 48
1776905038264 0.03558 49
1776905063233 0.03523 50
1776905088835 0.03536 51
1776905114195 0.03551 52
1776905139322 0.03484 53
1776905164471 0.03291 54
1776905189772 0.03378 55
1776905214874 0.03358 56
1776905240082 0.03217 57
1776905265223 0.03325 58
1776905290472 0.03294 59
1776905315625 0.0335 60
1776905340803 0.03186 61
1776905365878 0.03128 62
1776905391040 0.03171 63
1776905416412 0.03278 64
1776905441569 0.03233 65
1776905466540 0.03249 66
1776905491752 0.03068 67
1776905516950 0.03109 68
1776905542384 0.03108 69
1776905567366 0.03155 70
1776905592553 0.03134 71
1776905617770 0.02978 72
1776905642989 0.03052 73
1776905668144 0.02969 74
1776905693271 0.03039 75
1776905718788 0.03093 76
1776905743951 0.03118 77
1776905768997 0.02973 78
1776905794194 0.03131 79
1776905819421 0.02995 80
1776905844671 0.02971 81
1776905869695 0.03022 82
1776905894831 0.02925 83
1776905919988 0.0292 84
1776905945173 0.02947 85
1776905970294 0.02814 86
1776905995490 0.02766 87
1776906020649 0.02888 88
1776906045833 0.02887 89
1776906071206 0.02766 90
1776906096423 0.03014 91
1776906121632 0.0288 92
1776906146716 0.02876 93
1776906172080 0.02866 94
1776906197332 0.02754 95
1776906222537 0.02746 96
1776906247614 0.02758 97
1776906272992 0.02856 98
1776906298345 0.02651 99
1776906323586 0.0275 100
1776906348578 0.02573 101
1776906373997 0.02617 102
1776906399127 0.02567 103
1776906424259 0.02729 104
1776906449475 0.02609 105
1776906474921 0.0271 106
1776906500137 0.02601 107
1776906525461 0.026 108
1776906550440 0.0265 109
1776906575887 0.02625 110
1776906601017 0.02554 111
1776906626270 0.02606 112
1776906651314 0.02575 113
1776906676734 0.02589 114
1776906701908 0.02654 115
1776906727051 0.02497 116
1776906752189 0.02566 117
1776906777648 0.02527 118
1776906802919 0.02527 119
1776906828236 0.02512 120
1776906853184 0.02556 121
1776906878515 0.02578 122
1776906903967 0.02404 123
1776906929187 0.02545 124
1776906954249 0.02542 125
1776906979769 0.02477 126
1776907004947 0.02362 127
1776907030252 0.02554 128
1776907055552 0.02513 129
1776907080756 0.02448 130
1776907105786 0.02463 131
1776907130968 0.02406 132
1776907156156 0.02505 133
1776907181302 0.02417 134
1776907206422 0.02349 135
1776907231644 0.02371 136
1776907256920 0.02408 137
1776907282227 0.02428 138
1776907307245 0.02389 139
1776907332501 0.02314 140
1776907358134 0.02312 141
1776907383312 0.02416 142
1776907408519 0.02247 143
1776907433651 0.02316 144
1776907459024 0.02376 145
1776907484266 0.02304 146
1776907509465 0.02445 147
1776907534526 0.023 148
1776907559731 0.02331 149
1776907584902 0.02325 150
1776907610083 0.02424 151
1776907635126 0.02214 152
1776907660464 0.02347 153
1776907685711 0.02321 154
1776907711026 0.02383 155
1776907736029 0.02321 156
1776907761212 0.02281 157
1776907786371 0.02318 158
1776907811563 0.02267 159
1776907836551 0.02217 160
1776907861751 0.02188 161
1776907886933 0.0221 162
1776907911928 0.02181 163
1776907937442 0.02238 164
1776907962688 0.02282 165
1776907987939 0.02224 166
1776908012953 0.02188 167
1776908038520 0.02234 168
1776908063682 0.02144 169
1776908088838 0.02211 170
1776908113875 0.02195 171
1776908139087 0.02274 172
1776908164309 0.02091 173
1776908189479 0.0217 174
1776908214468 0.02159 175
1776908239632 0.02156 176
1776908264828 0.02169 177
1776908290090 0.0212 178
1776908315217 0.02114 179
1776908340396 0.02084 180
1776908365640 0.02257 181
1776908390692 0.02207 182
1776908416221 0.02285 183
1776908441556 0.02137 184
1776908466732 0.02116 185
1776908491732 0.02037 186
1776908517208 0.02115 187
1776908542401 0.02125 188
1776908567634 0.02134 189
1776908594501 0.0151 190
1776908618879 0.0159 191
1776908643186 0.01478 192
1776908667491 0.01487 193
1776908691804 0.01501 194
1776908716277 0.01438 195
1776908740579 0.01494 196
1776908764901 0.01461 197
1776908789346 0.01495 198
1776908813658 0.01458 199
