1776903796739 1.77879 0
1776903822763 1.51525 1
1776903848999 1.53251 2
1776903874257 1.46779 3
1776903899524 1.4112 4
1776903924794 1.34383 5
1776903950136 1.32906 6
1776903975321 1.2895 7
1776904000687 1.274 8
1776904025921 1.24265 9
1776904051078 1.25743 10
1776904076258 1.216 11
1776904101895 1.19799 12
1776904127428 1.20902 13
1776904152897 1.16457 14
1776904178462 1.16514 15
1776904203950 1.15776 16
1776904229564 1.17015 17
1776904255044 1.16076 18
1776904280511 1.14396 19
1776904306006 1.15262 20
1776904331491 1.12261 21
1776904356887 1.12673 22
1776904382123 1.12321 23
1776904407427 1.11879 24
1776904432665 1.10166 25
1776904457766 1.09266 26
1776904482989 1.0964 27
1776904508286 1.09012 28
1776904533650 1.08787 29
1776904558718 1.07834 30
1776904583932 1.07312 31
1776904609262 1.08051 32
1776904634504 1.06457 33
1776904659557 1.06643 34
1776904684772 1.05711 35
1776904710031 1.0487 36
1776904735365 1.04392 37
1776904760537 1.04314 38
1776904785759 1.03863 39
1776904811073 1.04108 40
1776904836403 1.04776 41
1776904861584 1.03717 42
1776904886816 1.02127 43
1776904911996 1.02464 44
1776904937319 1.02691 45
1776904962476 1.03344 46
1776904987836 1.0248 47
1776905013047 1.02484 48
1776905038264 1.01025 49
1776905063233 1.01596 50
1776905088835 1.02102 51
1776905114195 1.0038 52
1776905139322 1.00459 53
1776905164471 0.99258 54
1776905189772 0.9968 55
1776905214874 0.99596 56
1776905240082 0.97259 57
1776905265223 0.99297 58
1776905290472 0.99659 59
1776905315625 0.98912 60
1776905340803 0.98946 61
1776905365878 0.97184 62
1776905391040 0.96993 63
1776905416412 0.97004 64
1776905441569 0.96878 65
1776905466540 0.97896 66
1776905491752 0.95593 67
1776905516950 0.97417 68
1776905542384 0.96243 69
1776905567366 0.96085 70
1776905592553 0.96299 71
1776905617770 0.95948 72
1776905642989 0.95429 73
1776905668144 0.957 74
1776905693271 0.94295 75
1776905718788 0.94716 76
1776905743951 0.95019 77
1776905768997 0.93993 78
1776905794194 0.94661 79
1776905819421 0.93 80
1776905844671 0.94443 81
1776905869695 0.93313 82
1776905894831 0.94258 83
1776905919988 0.93806 84
1776905945173 0.92226 85
1776905970294 0.91416 86
1776905995490 0.91808 87
1776906020649 0.93425 88
1776906045833 0.92336 89
1776906071206 0.9107 90
1776906096423 0.92215 91
1776906121632 0.9209 92
1776906146716 0.92407 93
1776906172080 0.90974 94
1776906197332 0.90486 95
1776906222537 0.91947 96
1776906247614 0.91553 97
1776906272992 0.92067 98
1776906298345 0.88739 99
1776906323586 0.90046 100
1776906348578 0.90691 101
1776906373997 0.8884 102
1776906399127 0.89541 103
1776906424259 0.90771 104
1776906449475 0.89431 105
1776906474921 0.88683 106
1776906500137 0.89176 107
1776906525461 0.88372 108
1776906550440 0.89265 109
1776906575887 0.88102 110
1776906601017 0.88349 111
1776906626270 0.88663 112
1776906651314 0.8865 113
1776906676734 0.89457 114
1776906701908 0.86752 115
1776906727051 0.87143 116
1776906752189 0.87837 117
1776906777648 0.88632 118
1776906802919 0.86422 119
1776906828236 0.87414 120
1776906853184 0.86377 121
1776906878515 0.87978 122
1776906903967 0.8578 123
1776906929187 0.86854 124
1776906954249 0.87039 125
1776906979769 0.8609 126
1776907004947 0.86499 127
1776907030252 0.8608 128
1776907055552 0.86362 129
1776907080756 0.86182 130
1776907105786 0.85422 131
1776907130968 0.84736 132
1776907156156 0.86327 133
1776907181302 0.84752 134
1776907206422 0.84651 135
1776907231644 0.85024 136
1776907256920 0.84742 137
1776907282227 0.83747 138
1776907307245 0.8378 139
1776907332501 0.83999 140
1776907358134 0.84225 141
1776907383312 0.83306 142
1776907408519 0.83416 143
1776907433651 0.82183 144
1776907459024 0.83668 145
1776907484266 0.83025 146
1776907509465 0.83765 147
1776907534526 0.84228 148
1776907559731 0.82724 149
1776907584902 0.82313 150
1776907610083 0.83982 151
1776907635126 0.8253 152
1776907660464 0.81621 153
1776907685711 0.82082 154
1776907711026 0.831 155
1776907736029 0.81982 156
1776907761212 0.82775 157
1776907786371 0.81517 158
1776907811563 0.81198 159
1776907836551 0.80987 160
1776907861751 0.81286 161
1776907886933 0.81157 162
1776907911928 0.8112 163
1776907937442 0.81545 164
1776907962688 0.81075 165
1776907987939 0.80658 166
1776908012953 0.80433 167
1776908038520 0.80088 168
1776908063682 0.79855 169
1776908088838 0.79191 170
1776908113875 0.79371 171
1776908139087 0.81435 172
1776908164309 0.79668 173
1776908189479 0.79445 174
1776908214468 0.80367 175
1776908239632 0.79351 176
1776908264828 0.79465 177
1776908290090 0.7829 178
1776908315217 0.78853 179
1776908340396 0.78009 180
1776908365640 0.79254 181
1776908390692 0.78023 182
1776908416221 0.79191 183
1776908441556 0.78672 184
1776908466732 0.78045 185
1776908491732 0.77998 186
1776908517208 0.78317 187
1776908542401 0.78475 188
1776908567634 0.77274 189
1776908594501 0.69242 190
1776908618879 0.68563 191
1776908643186 0.68501 192
1776908667491 0.67688 193
1776908691804 0.67052 194
1776908716277 0.669 195
1776908740579 0.67092 196
1776908764901 0.67208 197
1776908789346 0.67114 198
1776908813658 0.66908 199
