1776903796739 2.22658 0
1776903822763 1.59379 1
1776903848999 1.61467 2
1776903874257 1.54514 3
1776903899524 1.4374 4
1776903924794 1.34935 5
1776903950136 1.33208 6
1776903975321 1.2775 7
1776904000687 1.25934 8
1776904025921 1.22705 9
1776904051078 1.2385 10
1776904076258 1.17924 11
1776904101895 1.15461 12
1776904127428 1.15706 13
1776904152897 1.11577 14
1776904178462 1.10241 15
1776904203950 1.08806 16
1776904229564 1.10416 17
1776904255044 1.08675 18
1776904280511 1.07511 19
1776904306006 1.07563 20
1776904331491 1.04271 21
1776904356887 1.05095 22
1776904382123 1.03818 23
1776904407427 1.03198 24
1776904432665 1.02268 25
1776904457766 0.99705 26
1776904482989 1.00393 27
1776904508286 0.99499 28
1776904533650 0.97779 29
1776904558718 0.96749 30
1776904583932 0.96562 31
1776904609262 0.96566 32
1776904634504 0.95919 33
1776904659557 0.95841 34
1776904684772 0.93411 35
1776904710031 0.94614 36
1776904735365 0.92729 37
1776904760537 0.93168 38
1776904785759 0.9231 39
1776904811073 0.92002 40
1776904836403 0.92791 41
1776904861584 0.90527 42
1776904886816 0.89664 43
1776904911996 0.8904 44
1776904937319 0.91111 45
1776904962476 0.8922 46
1776904987836 0.8857 47
1776905013047 0.88346 48
1776905038264 0.86866 49
1776905063233 0.88297 50
1776905088835 0.88458 51
1776905114195 0.84966 52
1776905139322 0.88245 53
1776905164471 0.84338 54
1776905189772 0.85549 55
1776905214874 0.85575 56
1776905240082 0.82298 57
1776905265223 0.85618 58
1776905290472 0.8513 59
1776905315625 0.84121 60
1776905340803 0.85079 61
1776905365878 0.82847 62
1776905391040 0.82131 63
1776905416412 0.81992 64
1776905441569 0.81869 65
1776905466540 0.83178 66
1776905491752 0.80583 67
1776905516950 0.81537 68
1776905542384 0.80304 69
1776905567366 0.79368 70
1776905592553 0.80159 71
1776905617770 0.79798 72
1776905642989 0.79314 73
1776905668144 0.79393 74
1776905693271 0.79037 75
1776905718788 0.77529 76
1776905743951 0.78223 77
1776905768997 0.78143 78
1776905794194 0.76653 79
1776905819421 0.76501 80
1776905844671 0.78546 81
1776905869695 0.76893 82
1776905894831 0.77721 83
1776905919988 0.76756 84
1776905945173 0.7611 85
1776905970294 0.74059 86
1776905995490 0.74857 87
1776906020649 0.76679 88
1776906045833 0.75156 89
1776906071206 0.74062 90
1776906096423 0.75013 91
1776906121632 0.74805 92
1776906146716 0.74983 93
1776906172080 0.74367 94
1776906197332 0.73587 95
1776906222537 0.74172 96
1776906247614 0.72431 97
1776906272992 0.74268 98
1776906298345 0.72251 99
1776906323586 0.72205 100
1776906348578 0.71924 101
1776906373997 0.70285 102
1776906399127 0.72443 103
1776906424259 0.72403 104
1776906449475 0.71878 105
1776906474921 0.71178 106
1776906500137 0.71709 107
1776906525461 0.69827 108
1776906550440 0.7188 109
1776906575887 0.69616 110
1776906601017 0.69242 111
1776906626270 0.69728 112
1776906651314 0.69347 113
1776906676734 0.70633 114
1776906701908 0.69633 115
1776906727051 0.69178 116
1776906752189 0.69812 117
1776906777648 0.69595 118
1776906802919 0.67913 119
1776906828236 0.69031 120
1776906853184 0.68104 121
1776906878515 0.69196 122
1776906903967 0.67038 123
1776906929187 0.68214 124
1776906954249 0.67574 125
1776906979769 0.67084 126
1776907004947 0.67969 127
1776907030252 0.67126 128
1776907055552 0.67132 129
1776907080756 0.67188 130
1776907105786 0.66088 131
1776907130968 0.64349 132
1776907156156 0.66914 133
1776907181302 0.65692 134
1776907206422 0.65459 135
1776907231644 0.65456 136
1776907256920 0.64963 137
1776907282227 0.64424 138
1776907307245 0.64214 139
1776907332501 0.64526 140
1776907358134 0.64744 141
1776907383312 0.64301 142
1776907408519 0.63773 143
1776907433651 0.62001 144
1776907459024 0.6366 145
1776907484266 0.635 146
1776907509465 0.63932 147
1776907534526 0.64116 148
1776907559731 0.63028 149
1776907584902 0.6294 150
1776907610083 0.64013 151
1776907635126 0.62258 152
1776907660464 0.61405 153
1776907685711 0.61855 154
1776907711026 0.6306 155
1776907736029 0.60963 156
1776907761212 0.61935 157
1776907786371 0.60942 158
1776907811563 0.61183 159
1776907836551 0.60053 160
1776907861751 0.61562 161
1776907886933 0.60892 162
1776907911928 0.59996 163
1776907937442 0.61373 164
1776907962688 0.59951 165
1776907987939 0.60055 166
1776908012953 0.6024 167
1776908038520 0.59867 168
1776908063682 0.59059 169
1776908088838 0.58914 170
1776908113875 0.58939 171
1776908139087 0.60635 172
1776908164309 0.58629 173
1776908189479 0.58465 174
1776908214468 0.5932 175
1776908239632 0.58543 176
1776908264828 0.5923 177
1776908290090 0.58122 178
1776908315217 0.57404 179
1776908340396 0.57025 180
1776908365640 0.57782 181
1776908390692 0.57711 182
1776908416221 0.5821 183
1776908441556 0.57897 184
1776908466732 0.5715 185
1776908491732 0.57551 186
1776908517208 0.57135 187
1776908542401 0.57849 188
1776908567634 0.56454 189
1776908594501 0.47866 190
1776908618879 0.47075 191
1776908643186 0.46741 192
1776908667491 0.45864 193
1776908691804 0.45755 194
1776908716277 0.45916 195
1776908740579 0.45573 196
1776908764901 0.46035 197
1776908789346 0.4533 198
1776908813658 0.45406 199
