1776903796739 1.9577 0
1776903822763 1.8355 1
1776903848999 1.87067 2
1776903874257 1.83437 3
1776903899524 1.79538 4
1776903924794 1.74371 5
1776903950136 1.73676 6
1776903975321 1.70383 7
1776904000687 1.69081 8
1776904025921 1.66052 9
1776904051078 1.68093 10
1776904076258 1.64165 11
1776904101895 1.6296 12
1776904127428 1.63561 13
1776904152897 1.5996 14
1776904178462 1.60003 15
1776904203950 1.59507 16
1776904229564 1.60017 17
1776904255044 1.60744 18
1776904280511 1.5966 19
1776904306006 1.59418 20
1776904331491 1.57167 21
1776904356887 1.58616 22
1776904382123 1.57575 23
1776904407427 1.57663 24
1776904432665 1.55718 25
1776904457766 1.5461 26
1776904482989 1.55431 27
1776904508286 1.53926 28
1776904533650 1.54083 29
1776904558718 1.53846 30
1776904583932 1.53063 31
1776904609262 1.5352 32
1776904634504 1.52992 33
1776904659557 1.52702 34
1776904684772 1.5149 35
1776904710031 1.51365 36
1776904735365 1.49913 37
1776904760537 1.50878 38
1776904785759 1.50303 39
1776904811073 1.49734 40
1776904836403 1.51738 41
1776904861584 1.50459 42
1776904886816 1.47958 43
1776904911996 1.48851 44
1776904937319 1.49131 45
1776904962476 1.50037 46
1776904987836 1.47632 47
1776905013047 1.48083 48
1776905038264 1.4749 49
1776905063233 1.48677 50
1776905088835 1.47798 51
1776905114195 1.47655 52
1776905139322 1.48124 53
1776905164471 1.45644 54
1776905189772 1.46592 55
1776905214874 1.46471 56
1776905240082 1.45269 57
1776905265223 1.46319 58
1776905290472 1.46255 59
1776905315625 1.46221 60
1776905340803 1.46127 61
1776905365878 1.44935 62
1776905391040 1.44267 63
1776905416412 1.45317 64
1776905441569 1.44965 65
1776905466540 1.45765 66
1776905491752 1.44094 67
1776905516950 1.44636 68
1776905542384 1.43795 69
1776905567366 1.4397 70
1776905592553 1.44505 71
1776905617770 1.44076 72
1776905642989 1.43009 73
1776905668144 1.44316 74
1776905693271 1.42489 75
1776905718788 1.42922 76
1776905743951 1.42627 77
1776905768997 1.43111 78
1776905794194 1.4291 79
1776905819421 1.42046 80
1776905844671 1.42644 81
1776905869695 1.42165 82
1776905894831 1.43509 83
1776905919988 1.42222 84
1776905945173 1.4109 85
1776905970294 1.40143 86
1776905995490 1.40647 87
1776906020649 1.4179 88
1776906045833 1.41399 89
1776906071206 1.39724 90
1776906096423 1.40391 91
1776906121632 1.41095 92
1776906146716 1.4188 93
1776906172080 1.39898 94
1776906197332 1.4031 95
1776906222537 1.40797 96
1776906247614 1.40981 97
1776906272992 1.40673 98
1776906298345 1.38313 99
1776906323586 1.39394 100
1776906348578 1.39965 101
1776906373997 1.3925 102
1776906399127 1.38514 103
1776906424259 1.40786 104
1776906449475 1.40011 105
1776906474921 1.39053 106
1776906500137 1.38618 107
1776906525461 1.38672 108
1776906550440 1.38272 109
1776906575887 1.38128 110
1776906601017 1.37701 111
1776906626270 1.38761 112
1776906651314 1.3825 113
1776906676734 1.40013 114
1776906701908 1.37014 115
1776906727051 1.36949 116
1776906752189 1.38537 117
1776906777648 1.38349 118
1776906802919 1.36794 119
1776906828236 1.37632 120
1776906853184 1.3801 121
1776906878515 1.36993 122
1776906903967 1.3703 123
1776906929187 1.37975 124
1776906954249 1.37901 125
1776906979769 1.36932 126
1776907004947 1.37005 127
1776907030252 1.37369 128
1776907055552 1.36865 129
1776907080756 1.37387 130
1776907105786 1.36381 131
1776907130968 1.35926 132
1776907156156 1.36938 133
1776907181302 1.36519 134
1776907206422 1.34877 135
1776907231644 1.36611 136
1776907256920 1.35525 137
1776907282227 1.35399 138
1776907307245 1.35564 139
1776907332501 1.34959 140
1776907358134 1.36251 141
1776907383312 1.35643 142
1776907408519 1.34779 143
1776907433651 1.34629 144
1776907459024 1.35854 145
1776907484266 1.35551 146
1776907509465 1.3517 147
1776907534526 1.35339 148
1776907559731 1.34407 149
1776907584902 1.34197 150
1776907610083 1.35781 151
1776907635126 1.33901 152
1776907660464 1.33786 153
1776907685711 1.34016 154
1776907711026 1.34395 155
1776907736029 1.3443 156
1776907761212 1.35017 157
1776907786371 1.33601 158
1776907811563 1.33129 159
1776907836551 1.33136 160
1776907861751 1.33884 161
1776907886933 1.33238 162
1776907911928 1.33529 163
1776907937442 1.33659 164
1776907962688 1.33047 165
1776907987939 1.33268 166
1776908012953 1.32768 167
1776908038520 1.33003 168
1776908063682 1.32515 169
1776908088838 1.3186 170
1776908113875 1.32427 171
1776908139087 1.34085 172
1776908164309 1.3233 173
1776908189479 1.32303 174
1776908214468 1.33075 175
1776908239632 1.33149 176
1776908264828 1.3248 177
1776908290090 1.31892 178
1776908315217 1.31502 179
1776908340396 1.31701 180
1776908365640 1.32245 181
1776908390692 1.31376 182
1776908416221 1.31847 183
1776908441556 1.31388 184
1776908466732 1.31588 185
1776908491732 1.31651 186
1776908517208 1.32221 187
1776908542401 1.32299 188
1776908567634 1.31569 189
1776908594501 1.27896 190
1776908618879 1.27794 191
1776908643186 1.27724 192
1776908667491 1.26873 193
1776908691804 1.26415 194
1776908716277 1.26696 195
1776908740579 1.27056 196
1776908764901 1.26528 197
1776908789346 1.27065 198
1776908813658 1.26524 199
