1776979026116 0.0032967032967032967 0
1776979054012 0.006597217948717949 1
1776979081903 0.009864732600732602 2
1776979107913 0.0098515 3
1776979133266 0.009802 4
1776979159433 0.009752499999999999 5
1776979184915 0.009703 6
1776979210352 0.009653499999999999 7
1776979235505 0.009604 8
1776979261707 0.009554499999999999 9
1776979286972 0.009505 10
1776979312694 0.0094555 11
1776979338495 0.009406 12
1776979363753 0.009356500000000002 13
1776979389126 0.009307 14
1776979414484 0.0092575 15
1776979439658 0.009208000000000001 16
1776979465053 0.0091585 17
1776979490345 0.009109 18
1776979515620 0.0090595 19
1776979541289 0.00901 20
1776979567508 0.0089605 21
1776979592905 0.008911 22
1776979619348 0.0088615 23
1776979645918 0.008812 24
1776979672509 0.0087625 25
1776979699103 0.008713 26
1776979725963 0.0086635 27
1776979752059 0.008614 28
1776979778684 0.0085645 29
1776979804724 0.008515 30
1776979830880 0.0084655 31
1776979856185 0.008416 32
1776979881409 0.0083665 33
1776979906476 0.008317 34
1776979931976 0.0082675 35
1776979957319 0.008218000000000001 36
1776979982539 0.0081685 37
1776980008073 0.008119000000000001 38
1776980033506 0.0080695 39
1776980058713 0.008020000000000001 40
1776980083955 0.0079705 41
1776980109321 0.007921000000000001 42
1776980134412 0.0078715 43
1776980159626 0.007822 44
1776980184878 0.0077725 45
1776980210130 0.007723 46
1776980235490 0.0076735 47
1776980260564 0.007624 48
1776980285817 0.0075745 49
1776980311088 0.007525 50
1776980336228 0.0074755 51
1776980361551 0.007426 52
1776980386722 0.0073765 53
1776980411868 0.007327 54
1776980437038 0.0072775 55
1776980462107 0.007228 56
1776980487368 0.007178500000000001 57
1776980512709 0.007129 58
1776980537891 0.007079500000000001 59
1776980562898 0.00703 60
1776980588350 0.006980500000000001 61
1776980613697 0.006931 62
1776980638941 0.0068815000000000005 63
1776980664031 0.0068319999999999995 64
1776980689212 0.0067825 65
1776980714384 0.006732999999999999 66
1776980739586 0.0066835 67
1776980764766 0.006633999999999999 68
1776980790107 0.0065845 69
1776980815375 0.006535 70
1776980840821 0.006485500000000001 71
1776980865866 0.006436000000000001 72
1776980891081 0.006386500000000001 73
1776980916432 0.006337000000000001 74
1776980941638 0.0062875000000000006 75
1776980966824 0.0062380000000000005 76
1776980992060 0.0061885 77
1776981017278 0.006139 78
1776981042577 0.0060895 79
1776981068051 0.00604 80
1776981093248 0.0059905 81
1776981118467 0.005941000000000001 82
1776981143610 0.0058915 83
1776981169261 0.005842000000000001 84
1776981194342 0.005792499999999999 85
1776981219729 0.005743000000000001 86
1776981244946 0.005693499999999999 87
1776981270153 0.005644000000000001 88
1776981295221 0.005594499999999999 89
1776981320433 0.0055450000000000004 90
1776981345854 0.0054954999999999995 91
1776981371163 0.005446000000000001 92
1776981396204 0.005396499999999999 93
1776981421398 0.005347000000000001 94
1776981446574 0.005297500000000001 95
1776981471644 0.005248000000000001 96
1776981497112 0.005198500000000001 97
1776981522322 0.005149 98
1776981547598 0.0050995 99
1776981572700 0.00505 100
1776981598255 0.0050005 101
1776981623588 0.004951 102
1776981648853 0.0049015 103
1776981673966 0.0048519999999999995 104
1776981699173 0.0048025 105
1776981724387 0.004753 106
1776981749744 0.0047035 107
1776981774932 0.004654 108
1776981800216 0.0046045 109
1776981825469 0.004555 110
1776981850839 0.0045055 111
1776981876221 0.004456 112
1776981901432 0.004406500000000001 113
1776981926567 0.004357000000000001 114
1776981951742 0.0043075000000000006 115
1776981976931 0.0042580000000000005 116
1776982002110 0.0042085000000000004 117
1776982027243 0.004159 118
1776982052591 0.0041095 119
1776982077820 0.00406 120
1776982103016 0.0040105 121
1776982128977 0.003961 122
1776982154226 0.0039115 123
1776982179575 0.003862 124
1776982204685 0.0038125 125
1776982229919 0.0037630000000000003 126
1776982255261 0.0037135000000000002 127
1776982280672 0.003664 128
1776982306042 0.0036145 129
1776982331176 0.003565 130
1776982356556 0.0035155 131
1776982381758 0.003466 132
1776982406792 0.0034164999999999994 133
1776982431966 0.0033669999999999993 134
1776982457121 0.0033175 135
1776982482318 0.003268 136
1776982507439 0.0032184999999999996 137
1776982532896 0.003169000000000001 138
1776982557892 0.0031195000000000007 139
1776982583528 0.0030700000000000007 140
1776982608944 0.0030205000000000006 141
1776982634326 0.0029710000000000006 142
1776982659549 0.0029215000000000005 143
1776982685552 0.002872 144
1776982710912 0.0028225 145
1776982736673 0.0027730000000000007 146
1776982761977 0.0027235000000000002 147
1776982787188 0.002674 148
1776982812381 0.0026245 149
1776982837578 0.002575 150
1776982863063 0.0025255 151
1776982888250 0.002476 152
1776982913401 0.0024265000000000003 153
1776982938767 0.002377 154
1776982963986 0.0023274999999999997 155
1776982989276 0.0022779999999999996 156
1776983014479 0.0022284999999999996 157
1776983039772 0.002179 158
1776983065106 0.0021295 159
1776983090120 0.00208 160
1776983115560 0.0020304999999999998 161
1776983140583 0.0019809999999999993 162
1776983165923 0.0019315000000000007 163
1776983190991 0.0018820000000000006 164
1776983216584 0.0018325000000000006 165
1776983241789 0.0017830000000000005 166
1776983266987 0.0017335000000000004 167
1776983292315 0.0016840000000000006 168
1776983317497 0.0016345000000000005 169
1776983342671 0.0015850000000000003 170
1776983367730 0.0015355000000000002 171
1776983392948 0.0014860000000000001 172
1776983418209 0.0014365000000000003 173
1776983443361 0.0013870000000000002 174
1776983468503 0.0013375000000000001 175
1776983493512 0.001288 176
1776983519154 0.0012384999999999998 177
1776983544405 0.0011889999999999997 178
1776983569611 0.0011394999999999999 179
1776983594683 0.0010899999999999998 180
1776983619941 0.0010404999999999995 181
1776983645296 0.0009909999999999997 182
1776983670448 0.0009414999999999996 183
1776983695660 0.0008919999999999996 184
1776983720827 0.0008424999999999995 185
1776983746025 0.0007929999999999994 186
1776983771055 0.0007434999999999995 187
1776983796269 0.0006940000000000005 188
1776983821505 0.0006445000000000005 189
1776983848290 0.0005950000000000005 190
1776983872655 0.0005455000000000004 191
1776983897131 0.0004960000000000005 192
1776983921584 0.0004465000000000003 193
1776983945921 0.00039700000000000027 194
1776983970247 0.00034750000000000026 195
1776983994650 0.0002980000000000002 196
1776984019095 0.00024850000000000013 197
1776984043443 0.0001990000000000001 198
1776984067927 0.00014950000000000006 199
