1776979031450 0.03959 0
1776979059823 0.46864 1
1776979085646 0.59286 2
1776979111221 0.6753 3
1776979137429 0.77942 4
1776979162699 0.80412 5
1776979188351 0.8593 6
1776979213501 0.83753 7
1776979239332 0.88049 8
1776979264864 0.88094 9
1776979290162 0.87259 10
1776979316027 0.88259 11
1776979341759 0.89889 12
1776979366934 0.89509 13
1776979392411 0.89955 14
1776979417766 0.92243 15
1776979443134 0.91221 16
1776979468350 0.89261 17
1776979493510 0.90878 18
1776979518909 0.92198 19
1776979545147 0.9235 20
1776979570703 0.90367 21
1776979596118 0.92083 22
1776979622646 0.92361 23
1776979649670 0.93178 24
1776979676047 0.92657 25
1776979702853 0.92494 26
1776979729333 0.92785 27
1776979755646 0.93132 28
1776979781990 0.92463 29
1776979808478 0.93385 30
1776979834130 0.94015 31
1776979859337 0.92714 32
1776979884566 0.93854 33
1776979910074 0.91567 34
1776979935253 0.94651 35
1776979960446 0.93157 36
1776979986174 0.92718 37
1776980011221 0.93945 38
1776980036802 0.94513 39
1776980061866 0.93463 40
1776980087229 0.94357 41
1776980112490 0.93767 42
1776980137609 0.93107 43
1776980162746 0.94457 44
1776980188030 0.93951 45
1776980213409 0.9444 46
1776980238622 0.94521 47
1776980263710 0.94638 48
1776980289068 0.9458 49
1776980314233 0.94345 50
1776980339642 0.95047 51
1776980364841 0.95073 52
1776980389833 0.94922 53
1776980415006 0.94861 54
1776980440197 0.95134 55
1776980465438 0.94654 56
1776980490623 0.94965 57
1776980515849 0.94924 58
1776980541018 0.94825 59
1776980566358 0.9474 60
1776980591607 0.95186 61
1776980616841 0.95317 62
1776980642074 0.94787 63
1776980667150 0.94889 64
1776980692346 0.95149 65
1776980717517 0.9564 66
1776980742837 0.95708 67
1776980768014 0.95677 68
1776980793358 0.95673 69
1776980818574 0.9521 70
1776980843934 0.95562 71
1776980868991 0.95321 72
1776980894318 0.95768 73
1776980919569 0.95426 74
1776980944880 0.96239 75
1776980969959 0.95714 76
1776980995166 0.95433 77
1776981020520 0.96154 78
1776981046110 0.95873 79
1776981071166 0.95649 80
1776981096377 0.95828 81
1776981121566 0.95657 82
1776981147149 0.95221 83
1776981172389 0.95427 84
1776981197683 0.95702 85
1776981222830 0.95735 86
1776981248057 0.95587 87
1776981273281 0.95811 88
1776981298326 0.95722 89
1776981323553 0.95603 90
1776981348978 0.95716 91
1776981374255 0.95673 92
1776981399317 0.95815 93
1776981424505 0.95648 94
1776981449682 0.95645 95
1776981475171 0.9598 96
1776981500222 0.95722 97
1776981525449 0.95792 98
1776981550719 0.95752 99
1776981576185 0.95735 100
1776981601485 0.95769 101
1776981626824 0.95843 102
1776981652092 0.9597 103
1776981677054 0.95898 104
1776981702276 0.95876 105
1776981727619 0.95923 106
1776981753019 0.95969 107
1776981778173 0.96003 108
1776981803330 0.96059 109
1776981828862 0.96151 110
1776981854111 0.96234 111
1776981879341 0.96143 112
1776981904683 0.96182 113
1776981929670 0.9603 114
1776981954849 0.95988 115
1776981980040 0.961 116
1776982005347 0.9624 117
1776982030480 0.96336 118
1776982055718 0.96282 119
1776982081067 0.96185 120
1776982107047 0.96279 121
1776982132089 0.96171 122
1776982157318 0.96116 123
1776982182759 0.96089 124
1776982207790 0.96142 125
1776982233162 0.96152 126
1776982258508 0.96146 127
1776982283904 0.96113 128
1776982309278 0.96173 129
1776982334293 0.96136 130
1776982359654 0.96139 131
1776982384865 0.96124 132
1776982409900 0.96135 133
1776982435062 0.96094 134
1776982460229 0.961 135
1776982485555 0.96102 136
1776982510664 0.96113 137
1776982535985 0.96105 138
1776982561630 0.96104 139
1776982586737 0.96116 140
1776982612049 0.96131 141
1776982637434 0.96133 142
1776982663662 0.96076 143
1776982688785 0.96118 144
1776982714742 0.96118 145
1776982739889 0.96137 146
1776982765065 0.96118 147
1776982790289 0.96145 148
1776982815488 0.96159 149
1776982840952 0.96152 150
1776982866174 0.9614 151
1776982891489 0.96135 152
1776982916505 0.96152 153
1776982941873 0.96155 154
1776982967090 0.96152 155
1776982992517 0.96154 156
1776983017702 0.96146 157
1776983043005 0.96137 158
1776983068198 0.96127 159
1776983093630 0.96131 160
1776983118654 0.96122 161
1776983143673 0.96116 162
1776983169066 0.96124 163
1776983194490 0.96119 164
1776983219686 0.96129 165
1776983244901 0.96131 166
1776983270257 0.96128 167
1776983295409 0.96155 168
1776983320601 0.96155 169
1776983345802 0.96134 170
1776983370841 0.9614 171
1776983396073 0.96128 172
1776983421277 0.96124 173
1776983446446 0.96126 174
1776983471598 0.96132 175
1776983496975 0.96136 176
1776983522254 0.96111 177
1776983547508 0.96104 178
1776983572785 0.96094 179
1776983597774 0.96098 180
1776983623038 0.96094 181
1776983648393 0.96091 182
1776983673547 0.9609 183
1776983698761 0.96094 184
1776983723937 0.96094 185
1776983749125 0.96096 186
1776983774153 0.96095 187
1776983799366 0.96092 188
1776983824590 0.96092 189
1776983851390 0.96088 190
1776983875725 0.96088 191
1776983900222 0.96083 192
1776983924662 0.96087 193
1776983948985 0.96075 194
1776983973310 0.9608 195
1776983997728 0.96082 196
1776984022157 0.9608 197
1776984046506 0.96081 198
1776984070974 0.9608 199
1776984075952 0.961424860581727 199
