1776979031450 0.01302 0
1776979059823 0.3022 1
1776979085646 0.37915 2
1776979111221 0.42546 3
1776979137429 0.54258 4
1776979162699 0.57953 5
1776979188351 0.65707 6
1776979213501 0.61393 7
1776979239332 0.66849 8
1776979264864 0.66628 9
1776979290162 0.65525 10
1776979316027 0.68758 11
1776979341759 0.70092 12
1776979366934 0.69967 13
1776979392411 0.71671 14
1776979417766 0.72605 15
1776979443134 0.72383 16
1776979468350 0.705 17
1776979493510 0.71567 18
1776979518909 0.74085 19
1776979545147 0.73729 20
1776979570703 0.70259 21
1776979596118 0.69933 22
1776979622646 0.73837 23
1776979649670 0.74904 24
1776979676047 0.74176 25
1776979702853 0.74479 26
1776979729333 0.74942 27
1776979755646 0.75259 28
1776979781990 0.74925 29
1776979808478 0.76098 30
1776979834130 0.77102 31
1776979859337 0.76047 32
1776979884566 0.75722 33
1776979910074 0.73481 34
1776979935253 0.77724 35
1776979960446 0.76233 36
1776979986174 0.7545 37
1776980011221 0.77125 38
1776980036802 0.77365 39
1776980061866 0.76974 40
1776980087229 0.77859 41
1776980112490 0.7635 42
1776980137609 0.76186 43
1776980162746 0.7754 44
1776980188030 0.77479 45
1776980213409 0.78154 46
1776980238622 0.78123 47
1776980263710 0.77773 48
1776980289068 0.78622 49
1776980314233 0.78108 50
1776980339642 0.79197 51
1776980364841 0.79493 52
1776980389833 0.79443 53
1776980415006 0.78871 54
1776980440197 0.78958 55
1776980465438 0.78481 56
1776980490623 0.79607 57
1776980515849 0.78919 58
1776980541018 0.79466 59
1776980566358 0.79622 60
1776980591607 0.79732 61
1776980616841 0.79702 62
1776980642074 0.79669 63
1776980667150 0.79055 64
1776980692346 0.797 65
1776980717517 0.79328 66
1776980742837 0.80063 67
1776980768014 0.80223 68
1776980793358 0.80416 69
1776980818574 0.79692 70
1776980843934 0.80153 71
1776980868991 0.80101 72
1776980894318 0.80746 73
1776980919569 0.80188 74
1776980944880 0.81051 75
1776980969959 0.80641 76
1776980995166 0.80402 77
1776981020520 0.81374 78
1776981046110 0.80578 79
1776981071166 0.80664 80
1776981096377 0.80733 81
1776981121566 0.80773 82
1776981147149 0.80152 83
1776981172389 0.80629 84
1776981197683 0.81003 85
1776981222830 0.81062 86
1776981248057 0.80871 87
1776981273281 0.80931 88
1776981298326 0.81065 89
1776981323553 0.80861 90
1776981348978 0.80781 91
1776981374255 0.80896 92
1776981399317 0.81356 93
1776981424505 0.81022 94
1776981449682 0.81298 95
1776981475171 0.81217 96
1776981500222 0.81 97
1776981525449 0.81266 98
1776981550719 0.81305 99
1776981576185 0.81372 100
1776981601485 0.81489 101
1776981626824 0.81553 102
1776981652092 0.81613 103
1776981677054 0.81556 104
1776981702276 0.81347 105
1776981727619 0.81635 106
1776981753019 0.81658 107
1776981778173 0.81773 108
1776981803330 0.81768 109
1776981828862 0.81925 110
1776981854111 0.81931 111
1776981879341 0.81834 112
1776981904683 0.81941 113
1776981929670 0.8173 114
1776981954849 0.81765 115
1776981980040 0.81876 116
1776982005347 0.82022 117
1776982030480 0.8207 118
1776982055718 0.81982 119
1776982081067 0.82086 120
1776982107047 0.82061 121
1776982132089 0.8192 122
1776982157318 0.81971 123
1776982182759 0.81924 124
1776982207790 0.81967 125
1776982233162 0.82092 126
1776982258508 0.82127 127
1776982283904 0.8227 128
1776982309278 0.82331 129
1776982334293 0.82214 130
1776982359654 0.82225 131
1776982384865 0.82189 132
1776982409900 0.82232 133
1776982435062 0.82186 134
1776982460229 0.82216 135
1776982485555 0.82362 136
1776982510664 0.82427 137
1776982535985 0.82392 138
1776982561630 0.82388 139
1776982586737 0.82444 140
1776982612049 0.8244 141
1776982637434 0.8243 142
1776982663662 0.82396 143
1776982688785 0.82473 144
1776982714742 0.82472 145
1776982739889 0.82482 146
1776982765065 0.82387 147
1776982790289 0.82468 148
1776982815488 0.82445 149
1776982840952 0.82483 150
1776982866174 0.82431 151
1776982891489 0.82491 152
1776982916505 0.82476 153
1776982941873 0.82419 154
1776982967090 0.82466 155
1776982992517 0.82466 156
1776983017702 0.82506 157
1776983043005 0.8255 158
1776983068198 0.82545 159
1776983093630 0.825 160
1776983118654 0.82503 161
1776983143673 0.82459 162
1776983169066 0.82492 163
1776983194490 0.82456 164
1776983219686 0.8241 165
1776983244901 0.82422 166
1776983270257 0.82379 167
1776983295409 0.82409 168
1776983320601 0.82391 169
1776983345802 0.82443 170
1776983370841 0.8249 171
1776983396073 0.82412 172
1776983421277 0.82399 173
1776983446446 0.82458 174
1776983471598 0.82463 175
1776983496975 0.82427 176
1776983522254 0.82394 177
1776983547508 0.82398 178
1776983572785 0.82419 179
1776983597774 0.82443 180
1776983623038 0.82406 181
1776983648393 0.82381 182
1776983673547 0.82375 183
1776983698761 0.82437 184
1776983723937 0.82425 185
1776983749125 0.82406 186
1776983774153 0.82405 187
1776983799366 0.82398 188
1776983824590 0.8234 189
1776983851390 0.82387 190
1776983875725 0.82331 191
1776983900222 0.82355 192
1776983924662 0.82378 193
1776983948985 0.82367 194
1776983973310 0.82363 195
1776983997728 0.82386 196
1776984022157 0.82385 197
1776984046506 0.82366 198
1776984070974 0.82367 199
1776984075952 0.8255397694910155 199
