1776979031450 0.06352 0
1776979059823 0.43296 1
1776979085646 0.64361 2
1776979111221 0.69987 3
1776979137429 0.74408 4
1776979162699 0.79696 5
1776979188351 0.7774 6
1776979213501 0.79538 7
1776979239332 0.82549 8
1776979264864 0.81617 9
1776979290162 0.82166 10
1776979316027 0.81668 11
1776979341759 0.83331 12
1776979366934 0.80731 13
1776979392411 0.84781 14
1776979417766 0.8548 15
1776979443134 0.83957 16
1776979468350 0.81022 17
1776979493510 0.84413 18
1776979518909 0.87262 19
1776979545147 0.86445 20
1776979570703 0.8456 21
1776979596118 0.86882 22
1776979622646 0.86535 23
1776979649670 0.85802 24
1776979676047 0.87663 25
1776979702853 0.879 26
1776979729333 0.87349 27
1776979755646 0.87155 28
1776979781990 0.87142 29
1776979808478 0.86671 30
1776979834130 0.88591 31
1776979859337 0.86869 32
1776979884566 0.8783 33
1776979910074 0.85165 34
1776979935253 0.89121 35
1776979960446 0.86051 36
1776979986174 0.86463 37
1776980011221 0.87755 38
1776980036802 0.89288 39
1776980061866 0.87494 40
1776980087229 0.87876 41
1776980112490 0.88811 42
1776980137609 0.87309 43
1776980162746 0.87847 44
1776980188030 0.86467 45
1776980213409 0.89793 46
1776980238622 0.88494 47
1776980263710 0.88683 48
1776980289068 0.87349 49
1776980314233 0.88646 50
1776980339642 0.91237 51
1776980364841 0.88027 52
1776980389833 0.89705 53
1776980415006 0.87636 54
1776980440197 0.88843 55
1776980465438 0.88556 56
1776980490623 0.90544 57
1776980515849 0.88746 58
1776980541018 0.89134 59
1776980566358 0.88248 60
1776980591607 0.89113 61
1776980616841 0.9144 62
1776980642074 0.89611 63
1776980667150 0.91081 64
1776980692346 0.90641 65
1776980717517 0.90822 66
1776980742837 0.91004 67
1776980768014 0.91352 68
1776980793358 0.90337 69
1776980818574 0.8923 70
1776980843934 0.90845 71
1776980868991 0.90682 72
1776980894318 0.91279 73
1776980919569 0.90359 74
1776980944880 0.92511 75
1776980969959 0.90369 76
1776980995166 0.91001 77
1776981020520 0.92169 78
1776981046110 0.91498 79
1776981071166 0.91028 80
1776981096377 0.91024 81
1776981121566 0.91355 82
1776981147149 0.91693 83
1776981172389 0.90927 84
1776981197683 0.90879 85
1776981222830 0.91292 86
1776981248057 0.90946 87
1776981273281 0.91051 88
1776981298326 0.91989 89
1776981323553 0.90287 90
1776981348978 0.92601 91
1776981374255 0.88873 92
1776981399317 0.90797 93
1776981424505 0.89696 94
1776981449682 0.90432 95
1776981475171 0.90206 96
1776981500222 0.91549 97
1776981525449 0.90887 98
1776981550719 0.90673 99
1776981576185 0.90346 100
1776981601485 0.90917 101
1776981626824 0.91576 102
1776981652092 0.92232 103
1776981677054 0.91128 104
1776981702276 0.91099 105
1776981727619 0.91383 106
1776981753019 0.91849 107
1776981778173 0.90687 108
1776981803330 0.90802 109
1776981828862 0.91669 110
1776981854111 0.91896 111
1776981879341 0.91758 112
1776981904683 0.92041 113
1776981929670 0.91445 114
1776981954849 0.90707 115
1776981980040 0.91592 116
1776982005347 0.90955 117
1776982030480 0.9149 118
1776982055718 0.90628 119
1776982081067 0.91343 120
1776982107047 0.91124 121
1776982132089 0.91287 122
1776982157318 0.90851 123
1776982182759 0.91282 124
1776982207790 0.91399 125
1776982233162 0.91304 126
1776982258508 0.91786 127
1776982283904 0.91889 128
1776982309278 0.91618 129
1776982334293 0.92657 130
1776982359654 0.93058 131
1776982384865 0.92326 132
1776982409900 0.93063 133
1776982435062 0.93303 134
1776982460229 0.92876 135
1776982485555 0.93095 136
1776982510664 0.92754 137
1776982535985 0.92763 138
1776982561630 0.92752 139
1776982586737 0.92785 140
1776982612049 0.9057 141
1776982637434 0.90539 142
1776982663662 0.90801 143
1776982688785 0.90156 144
1776982714742 0.90194 145
1776982739889 0.90171 146
1776982765065 0.9066 147
1776982790289 0.90451 148
1776982815488 0.903 149
1776982840952 0.9029 150
1776982866174 0.90535 151
1776982891489 0.90594 152
1776982916505 0.90565 153
1776982941873 0.903 154
1776982967090 0.90203 155
1776982992517 0.90273 156
1776983017702 0.90264 157
1776983043005 0.90538 158
1776983068198 0.90447 159
1776983093630 0.90792 160
1776983118654 0.91951 161
1776983143673 0.922 162
1776983169066 0.91987 163
1776983194490 0.91959 164
1776983219686 0.91892 165
1776983244901 0.91871 166
1776983270257 0.91842 167
1776983295409 0.92131 168
1776983320601 0.92019 169
1776983345802 0.91767 170
1776983370841 0.91505 171
1776983396073 0.91435 172
1776983421277 0.91345 173
1776983446446 0.91518 174
1776983471598 0.91404 175
1776983496975 0.91363 176
1776983522254 0.91281 177
1776983547508 0.91237 178
1776983572785 0.91263 179
1776983597774 0.91245 180
1776983623038 0.90622 181
1776983648393 0.90407 182
1776983673547 0.90406 183
1776983698761 0.90402 184
1776983723937 0.90395 185
1776983749125 0.9027 186
1776983774153 0.90272 187
1776983799366 0.90276 188
1776983824590 0.90284 189
1776983851390 0.90286 190
1776983875725 0.90361 191
1776983900222 0.90361 192
1776983924662 0.90265 193
1776983948985 0.90361 194
1776983973310 0.90352 195
1776983997728 0.90285 196
1776984022157 0.90363 197
1776984046506 0.90415 198
1776984070974 0.90463 199
1776984075952 0.9049335091750648 199
