1776979031450 0.17671 0
1776979059823 0.50702 1
1776979085646 0.57638 2
1776979111221 0.64121 3
1776979137429 0.72265 4
1776979162699 0.71841 5
1776979188351 0.82742 6
1776979213501 0.79602 7
1776979239332 0.82026 8
1776979264864 0.81756 9
1776979290162 0.8142 10
1776979316027 0.84228 11
1776979341759 0.84145 12
1776979366934 0.85384 13
1776979392411 0.81423 14
1776979417766 0.85074 15
1776979443134 0.85962 16
1776979468350 0.8398 17
1776979493510 0.87206 18
1776979518909 0.85416 19
1776979545147 0.85467 20
1776979570703 0.85022 21
1776979596118 0.85136 22
1776979622646 0.86045 23
1776979649670 0.88687 24
1776979676047 0.85136 25
1776979702853 0.87696 26
1776979729333 0.8621 27
1776979755646 0.86286 28
1776979781990 0.87302 29
1776979808478 0.88599 30
1776979834130 0.87036 31
1776979859337 0.87283 32
1776979884566 0.88935 33
1776979910074 0.87229 34
1776979935253 0.89265 35
1776979960446 0.89678 36
1776979986174 0.87024 37
1776980011221 0.89362 38
1776980036802 0.88687 39
1776980061866 0.88972 40
1776980087229 0.89595 41
1776980112490 0.87173 42
1776980137609 0.87485 43
1776980162746 0.89535 44
1776980188030 0.91164 45
1776980213409 0.88192 46
1776980238622 0.90091 47
1776980263710 0.8943 48
1776980289068 0.91082 49
1776980314233 0.89678 50
1776980339642 0.89017 51
1776980364841 0.90586 52
1776980389833 0.89224 53
1776980415006 0.91329 54
1776980440197 0.90084 55
1776980465438 0.89926 56
1776980490623 0.88553 57
1776980515849 0.89858 58
1776980541018 0.90766 59
1776980566358 0.90834 60
1776980591607 0.89926 61
1776980616841 0.88213 62
1776980642074 0.90008 63
1776980667150 0.88544 64
1776980692346 0.88769 65
1776980717517 0.90751 66
1776980742837 0.89513 67
1776980768014 0.89926 68
1776980793358 0.90325 69
1776980818574 0.90091 70
1776980843934 0.90131 71
1776980868991 0.90814 72
1776980894318 0.89843 73
1776980919569 0.90834 74
1776980944880 0.89678 75
1776980969959 0.91426 76
1776980995166 0.90504 77
1776981020520 0.90008 78
1776981046110 0.90669 79
1776981071166 0.891 80
1776981096377 0.89599 81
1776981121566 0.8988 82
1776981147149 0.8877 83
1776981172389 0.89926 84
1776981197683 0.90504 85
1776981222830 0.89926 86
1776981248057 0.90091 87
1776981273281 0.90586 88
1776981298326 0.89926 89
1776981323553 0.90421 90
1776981348978 0.88882 91
1776981374255 0.92486 92
1776981399317 0.90432 93
1776981424505 0.91329 94
1776981449682 0.91316 95
1776981475171 0.92028 96
1776981500222 0.90346 97
1776981525449 0.91421 98
1776981550719 0.91329 99
1776981576185 0.91193 100
1776981601485 0.90751 101
1776981626824 0.90091 102
1776981652092 0.90202 103
1776981677054 0.91247 104
1776981702276 0.91164 105
1776981727619 0.91071 106
1776981753019 0.91247 107
1776981778173 0.91825 108
1776981803330 0.91329 109
1776981828862 0.90917 110
1776981854111 0.90421 111
1776981879341 0.90751 112
1776981904683 0.90718 113
1776981929670 0.90914 114
1776981954849 0.91074 115
1776981980040 0.90586 116
1776982005347 0.91825 117
1776982030480 0.91825 118
1776982055718 0.92634 119
1776982081067 0.91577 120
1776982107047 0.91554 121
1776982132089 0.90843 122
1776982157318 0.91247 123
1776982182759 0.91329 124
1776982207790 0.91329 125
1776982233162 0.91033 126
1776982258508 0.90999 127
1776982283904 0.90742 128
1776982309278 0.91161 129
1776982334293 0.89608 130
1776982359654 0.8943 131
1776982384865 0.90406 132
1776982409900 0.89731 133
1776982435062 0.89735 134
1776982460229 0.89843 135
1776982485555 0.89926 136
1776982510664 0.90173 137
1776982535985 0.90008 138
1776982561630 0.89926 139
1776982586737 0.90091 140
1776982612049 0.92002 141
1776982637434 0.92155 142
1776982663662 0.9199 143
1776982688785 0.93018 144
1776982714742 0.93421 145
1776982739889 0.93476 146
1776982765065 0.92981 147
1776982790289 0.92898 148
1776982815488 0.93064 149
1776982840952 0.92905 150
1776982866174 0.92981 151
1776982891489 0.92733 152
1776982916505 0.92742 153
1776982941873 0.92568 154
1776982967090 0.92756 155
1776982992517 0.92734 156
1776983017702 0.9263 157
1776983043005 0.92445 158
1776983068198 0.92238 159
1776983093630 0.91908 160
1776983118654 0.90999 161
1776983143673 0.90917 162
1776983169066 0.90834 163
1776983194490 0.90917 164
1776983219686 0.90917 165
1776983244901 0.90917 166
1776983270257 0.90834 167
1776983295409 0.90874 168
1776983320601 0.90917 169
1776983345802 0.91127 170
1776983370841 0.91082 171
1776983396073 0.91164 172
1776983421277 0.91329 173
1776983446446 0.91247 174
1776983471598 0.91247 175
1776983496975 0.91247 176
1776983522254 0.91164 177
1776983547508 0.91139 178
1776983572785 0.91082 179
1776983597774 0.91082 180
1776983623038 0.91766 181
1776983648393 0.91742 182
1776983673547 0.91818 183
1776983698761 0.91777 184
1776983723937 0.91825 185
1776983749125 0.91933 186
1776983774153 0.91956 187
1776983799366 0.91993 188
1776983824590 0.92077 189
1776983851390 0.92099 190
1776983875725 0.92123 191
1776983900222 0.92123 192
1776983924662 0.92155 193
1776983948985 0.92117 194
1776983973310 0.92029 195
1776983997728 0.92087 196
1776984022157 0.91908 197
1776984046506 0.91908 198
1776984070974 0.91908 199
1776984075952 0.9240297274979355 199
