1776979026116 0.08994 0
1776979054012 0.0549 1
1776979081903 0.05669 2
1776979107913 0.05288 3
1776979133266 0.04967 4
1776979159433 0.04489 5
1776979184915 0.04427 6
1776979210352 0.04006 7
1776979235505 0.03798 8
1776979261707 0.03704 9
1776979286972 0.03751 10
1776979312694 0.03567 11
1776979338495 0.03465 12
1776979363753 0.03468 13
1776979389126 0.03381 14
1776979414484 0.03136 15
1776979439658 0.03191 16
1776979465053 0.03165 17
1776979490345 0.03224 18
1776979515620 0.0294 19
1776979541289 0.03159 20
1776979567508 0.03032 21
1776979592905 0.03028 22
1776979619348 0.02983 23
1776979645918 0.02788 24
1776979672509 0.02831 25
1776979699103 0.02683 26
1776979725963 0.0287 27
1776979752059 0.02664 28
1776979778684 0.02684 29
1776979804724 0.0266 30
1776979830880 0.02699 31
1776979856185 0.02537 32
1776979881409 0.02612 33
1776979906476 0.02697 34
1776979931976 0.02505 35
1776979957319 0.02507 36
1776979982539 0.02473 37
1776980008073 0.02507 38
1776980033506 0.02422 39
1776980058713 0.02493 40
1776980083955 0.02519 41
1776980109321 0.02399 42
1776980134412 0.02431 43
1776980159626 0.02451 44
1776980184878 0.02327 45
1776980210130 0.02339 46
1776980235490 0.02456 47
1776980260564 0.02366 48
1776980285817 0.02369 49
1776980311088 0.02298 50
1776980336228 0.02282 51
1776980361551 0.02208 52
1776980386722 0.02245 53
1776980411868 0.02146 54
1776980437038 0.02181 55
1776980462107 0.02198 56
1776980487368 0.02254 57
1776980512709 0.02115 58
1776980537891 0.02213 59
1776980562898 0.02229 60
1776980588350 0.02177 61
1776980613697 0.02131 62
1776980638941 0.02099 63
1776980664031 0.02154 64
1776980689212 0.02047 65
1776980714384 0.02113 66
1776980739586 0.0198 67
1776980764766 0.01997 68
1776980790107 0.02016 69
1776980815375 0.02102 70
1776980840821 0.02113 71
1776980865866 0.02036 72
1776980891081 0.01999 73
1776980916432 0.02023 74
1776980941638 0.02113 75
1776980966824 0.02036 76
1776980992060 0.02021 77
1776981017278 0.01916 78
1776981042577 0.02014 79
1776981068051 0.02033 80
1776981093248 0.01984 81
1776981118467 0.01985 82
1776981143610 0.01944 83
1776981169261 0.01929 84
1776981194342 0.01896 85
1776981219729 0.02005 86
1776981244946 0.0179 87
1776981270153 0.0192 88
1776981295221 0.01825 89
1776981320433 0.01861 90
1776981345854 0.01971 91
1776981371163 0.01934 92
1776981396204 0.01968 93
1776981421398 0.01965 94
1776981446574 0.01892 95
1776981471644 0.01933 96
1776981497112 0.01935 97
1776981522322 0.01895 98
1776981547598 0.01838 99
1776981572700 0.01873 100
1776981598255 0.01816 101
1776981623588 0.01814 102
1776981648853 0.01777 103
1776981673966 0.01804 104
1776981699173 0.01788 105
1776981724387 0.01869 106
1776981749744 0.01799 107
1776981774932 0.01765 108
1776981800216 0.01781 109
1776981825469 0.01809 110
1776981850839 0.01748 111
1776981876221 0.01813 112
1776981901432 0.01795 113
1776981926567 0.01782 114
1776981951742 0.01769 115
1776981976931 0.01765 116
1776982002110 0.01786 117
1776982027243 0.01782 118
1776982052591 0.0178 119
1776982077820 0.01711 120
1776982103016 0.01707 121
1776982128977 0.01746 122
1776982154226 0.0164 123
1776982179575 0.01725 124
1776982204685 0.0174 125
1776982229919 0.01731 126
1776982255261 0.01671 127
1776982280672 0.01691 128
1776982306042 0.01646 129
1776982331176 0.01646 130
1776982356556 0.01655 131
1776982381758 0.01652 132
1776982406792 0.01682 133
1776982431966 0.01607 134
1776982457121 0.01671 135
1776982482318 0.01688 136
1776982507439 0.01619 137
1776982532896 0.01709 138
1776982557892 0.0168 139
1776982583528 0.01603 140
1776982608944 0.01595 141
1776982634326 0.0168 142
1776982659549 0.01562 143
1776982685552 0.01618 144
1776982710912 0.0168 145
1776982736673 0.01619 146
1776982761977 0.01633 147
1776982787188 0.01632 148
1776982812381 0.01658 149
1776982837578 0.01628 150
1776982863063 0.01649 151
1776982888250 0.01598 152
1776982913401 0.01622 153
1776982938767 0.01591 154
1776982963986 0.01534 155
1776982989276 0.01614 156
1776983014479 0.01625 157
1776983039772 0.01667 158
1776983065106 0.01582 159
1776983090120 0.01593 160
1776983115560 0.01599 161
1776983140583 0.01549 162
1776983165923 0.01525 163
1776983190991 0.01617 164
1776983216584 0.01534 165
1776983241789 0.01543 166
1776983266987 0.01517 167
1776983292315 0.0155 168
1776983317497 0.01527 169
1776983342671 0.01523 170
1776983367730 0.01535 171
1776983392948 0.01549 172
1776983418209 0.01541 173
1776983443361 0.01479 174
1776983468503 0.01485 175
1776983493512 0.01549 176
1776983519154 0.01511 177
1776983544405 0.0151 178
1776983569611 0.01462 179
1776983594683 0.0147 180
1776983619941 0.01542 181
1776983645296 0.01527 182
1776983670448 0.01583 183
1776983695660 0.01551 184
1776983720827 0.01511 185
1776983746025 0.01452 186
1776983771055 0.01521 187
1776983796269 0.01544 188
1776983821505 0.01487 189
1776983848290 0.01172 190
1776983872655 0.01269 191
1776983897131 0.01193 192
1776983921584 0.01201 193
1776983945921 0.01234 194
1776983970247 0.0118 195
1776983994650 0.01179 196
1776984019095 0.01168 197
1776984043443 0.01159 198
1776984067927 0.01156 199
