1776979026116 1.69782 0
1776979054012 1.44344 1
1776979081903 1.44689 2
1776979107913 1.38834 3
1776979133266 1.3052 4
1776979159433 1.28173 5
1776979184915 1.24935 6
1776979210352 1.21996 7
1776979235505 1.2062 8
1776979261707 1.18704 9
1776979286972 1.17391 10
1776979312694 1.1411 11
1776979338495 1.13452 12
1776979363753 1.14216 13
1776979389126 1.10573 14
1776979414484 1.0983 15
1776979439658 1.08752 16
1776979465053 1.11233 17
1776979490345 1.09858 18
1776979515620 1.08915 19
1776979541289 1.08297 20
1776979567508 1.05646 21
1776979592905 1.06307 22
1776979619348 1.06355 23
1776979645918 1.05534 24
1776979672509 1.04048 25
1776979699103 1.02668 26
1776979725963 1.04185 27
1776979752059 1.03294 28
1776979778684 1.031 29
1776979804724 1.01917 30
1776979830880 1.00899 31
1776979856185 1.01104 32
1776979881409 1.0084 33
1776979906476 1.00735 34
1776979931976 1.0068 35
1776979957319 0.98702 36
1776979982539 0.9751 37
1776980008073 0.98984 38
1776980033506 0.98033 39
1776980058713 0.98658 40
1776980083955 0.98952 41
1776980109321 0.97576 42
1776980134412 0.97379 43
1776980159626 0.98366 44
1776980184878 0.9642 45
1776980210130 0.97699 46
1776980235490 0.95773 47
1776980260564 0.96095 48
1776980285817 0.95658 49
1776980311088 0.95205 50
1776980336228 0.96566 51
1776980361551 0.94356 52
1776980386722 0.94908 53
1776980411868 0.93483 54
1776980437038 0.93995 55
1776980462107 0.93465 56
1776980487368 0.92346 57
1776980512709 0.92883 58
1776980537891 0.93576 59
1776980562898 0.92088 60
1776980588350 0.93698 61
1776980613697 0.91783 62
1776980638941 0.91115 63
1776980664031 0.91374 64
1776980689212 0.9141 65
1776980714384 0.91867 66
1776980739586 0.89474 67
1776980764766 0.9084 68
1776980790107 0.90811 69
1776980815375 0.90966 70
1776980840821 0.90361 71
1776980865866 0.90941 72
1776980891081 0.90423 73
1776980916432 0.90072 74
1776980941638 0.89527 75
1776980966824 0.88704 76
1776980992060 0.9006 77
1776981017278 0.88569 78
1776981042577 0.8922 79
1776981068051 0.88193 80
1776981093248 0.88889 81
1776981118467 0.87757 82
1776981143610 0.8849 83
1776981169261 0.88085 84
1776981194342 0.86749 85
1776981219729 0.86974 86
1776981244946 0.8697 87
1776981270153 0.88003 88
1776981295221 0.86972 89
1776981320433 0.85639 90
1776981345854 0.86896 91
1776981371163 0.86121 92
1776981396204 0.86424 93
1776981421398 0.85505 94
1776981446574 0.85872 95
1776981471644 0.86781 96
1776981497112 0.8552 97
1776981522322 0.86619 98
1776981547598 0.82939 99
1776981572700 0.84459 100
1776981598255 0.84958 101
1776981623588 0.84077 102
1776981648853 0.84643 103
1776981673966 0.85003 104
1776981699173 0.84309 105
1776981724387 0.83408 106
1776981749744 0.8399 107
1776981774932 0.83127 108
1776981800216 0.8437 109
1776981825469 0.82375 110
1776981850839 0.82171 111
1776981876221 0.82928 112
1776981901432 0.83008 113
1776981926567 0.83812 114
1776981951742 0.82425 115
1776981976931 0.81738 116
1776982002110 0.82171 117
1776982027243 0.8326 118
1776982052591 0.81171 119
1776982077820 0.80984 120
1776982103016 0.80658 121
1776982128977 0.81812 122
1776982154226 0.79824 123
1776982179575 0.81378 124
1776982204685 0.81528 125
1776982229919 0.80679 126
1776982255261 0.81221 127
1776982280672 0.80515 128
1776982306042 0.80622 129
1776982331176 0.80094 130
1776982356556 0.80309 131
1776982381758 0.7924 132
1776982406792 0.80529 133
1776982431966 0.79473 134
1776982457121 0.79027 135
1776982482318 0.798 136
1776982507439 0.7828 137
1776982532896 0.7813 138
1776982557892 0.78657 139
1776982583528 0.78206 140
1776982608944 0.7888 141
1776982634326 0.77673 142
1776982659549 0.78229 143
1776982685552 0.76807 144
1776982710912 0.78234 145
1776982736673 0.77397 146
1776982761977 0.77906 147
1776982787188 0.78319 148
1776982812381 0.76987 149
1776982837578 0.75789 150
1776982863063 0.78066 151
1776982888250 0.77072 152
1776982913401 0.76154 153
1776982938767 0.75971 154
1776982963986 0.77158 155
1776982989276 0.76318 156
1776983014479 0.76675 157
1776983039772 0.76032 158
1776983065106 0.75629 159
1776983090120 0.75321 160
1776983115560 0.75666 161
1776983140583 0.75138 162
1776983165923 0.75005 163
1776983190991 0.75533 164
1776983216584 0.75537 165
1776983241789 0.74528 166
1776983266987 0.74446 167
1776983292315 0.74796 168
1776983317497 0.7398 169
1776983342671 0.73996 170
1776983367730 0.73992 171
1776983392948 0.75259 172
1776983418209 0.73957 173
1776983443361 0.73657 174
1776983468503 0.74408 175
1776983493512 0.73241 176
1776983519154 0.73309 177
1776983544405 0.72554 178
1776983569611 0.72819 179
1776983594683 0.72083 180
1776983619941 0.73139 181
1776983645296 0.71804 182
1776983670448 0.72988 183
1776983695660 0.72944 184
1776983720827 0.72572 185
1776983746025 0.72561 186
1776983771055 0.7285 187
1776983796269 0.72371 188
1776983821505 0.71595 189
1776983848290 0.63541 190
1776983872655 0.63407 191
1776983897131 0.6286 192
1776983921584 0.6215 193
1776983945921 0.61914 194
1776983970247 0.6195 195
1776983994650 0.61982 196
1776984019095 0.62255 197
1776984043443 0.61252 198
1776984067927 0.61375 199
