1776979026116 2.13321 0
1776979054012 1.52841 1
1776979081903 1.52965 2
1776979107913 1.4762 3
1776979133266 1.33644 4
1776979159433 1.29009 5
1776979184915 1.25279 6
1776979210352 1.21659 7
1776979235505 1.20495 8
1776979261707 1.14744 9
1776979286972 1.14634 10
1776979312694 1.11205 11
1776979338495 1.09633 12
1776979363753 1.08794 13
1776979389126 1.05186 14
1776979414484 1.03703 15
1776979439658 1.02788 16
1776979465053 1.03179 17
1776979490345 1.01954 18
1776979515620 1.01412 19
1776979541289 1.00737 20
1776979567508 0.97852 21
1776979592905 0.98245 22
1776979619348 0.97434 23
1776979645918 0.96532 24
1776979672509 0.95206 25
1776979699103 0.92011 26
1776979725963 0.93904 27
1776979752059 0.93686 28
1776979778684 0.91711 29
1776979804724 0.90912 30
1776979830880 0.91291 31
1776979856185 0.90665 32
1776979881409 0.89147 33
1776979906476 0.90205 34
1776979931976 0.88589 35
1776979957319 0.88031 36
1776979982539 0.86442 37
1776980008073 0.87158 38
1776980033506 0.86603 39
1776980058713 0.86449 40
1776980083955 0.86931 41
1776980109321 0.83678 42
1776980134412 0.83752 43
1776980159626 0.83399 44
1776980184878 0.84818 45
1776980210130 0.83786 46
1776980235490 0.82991 47
1776980260564 0.82091 48
1776980285817 0.81504 49
1776980311088 0.80941 50
1776980336228 0.81407 51
1776980361551 0.80311 52
1776980386722 0.82073 53
1776980411868 0.78583 54
1776980437038 0.79461 55
1776980462107 0.79834 56
1776980487368 0.77342 57
1776980512709 0.79294 58
1776980537891 0.78725 59
1776980562898 0.77635 60
1776980588350 0.78291 61
1776980613697 0.76766 62
1776980638941 0.75986 63
1776980664031 0.7532 64
1776980689212 0.75719 65
1776980714384 0.77081 66
1776980739586 0.74742 67
1776980764766 0.74778 68
1776980790107 0.74679 69
1776980815375 0.73772 70
1776980840821 0.7359 71
1776980865866 0.73728 72
1776980891081 0.73915 73
1776980916432 0.73354 74
1776980941638 0.72841 75
1776980966824 0.70975 76
1776980992060 0.72338 77
1776981017278 0.72295 78
1776981042577 0.71288 79
1776981068051 0.7056 80
1776981093248 0.71638 81
1776981118467 0.71047 82
1776981143610 0.7133 83
1776981169261 0.70905 84
1776981194342 0.69744 85
1776981219729 0.68611 86
1776981244946 0.69756 87
1776981270153 0.70657 88
1776981295221 0.68812 89
1776981320433 0.6838 90
1776981345854 0.68918 91
1776981371163 0.68304 92
1776981396204 0.67929 93
1776981421398 0.67771 94
1776981446574 0.67374 95
1776981471644 0.67752 96
1776981497112 0.6673 97
1776981522322 0.68401 98
1776981547598 0.65478 99
1776981572700 0.65665 100
1776981598255 0.66212 101
1776981623588 0.64946 102
1776981648853 0.65736 103
1776981673966 0.66224 104
1776981699173 0.65235 105
1776981724387 0.63957 106
1776981749744 0.65468 107
1776981774932 0.63758 108
1776981800216 0.65647 109
1776981825469 0.64655 110
1776981850839 0.62751 111
1776981876221 0.63105 112
1776981901432 0.62876 113
1776981926567 0.64115 114
1776981951742 0.63296 115
1776981976931 0.62457 116
1776982002110 0.63033 117
1776982027243 0.63281 118
1776982052591 0.61205 119
1776982077820 0.6211 120
1776982103016 0.61484 121
1776982128977 0.61704 122
1776982154226 0.60202 123
1776982179575 0.61664 124
1776982204685 0.61207 125
1776982229919 0.60117 126
1776982255261 0.61341 127
1776982280672 0.6012 128
1776982306042 0.60739 129
1776982331176 0.60349 130
1776982356556 0.59984 131
1776982381758 0.58583 132
1776982406792 0.60494 133
1776982431966 0.59502 134
1776982457121 0.58855 135
1776982482318 0.58922 136
1776982507439 0.57821 137
1776982532896 0.57268 138
1776982557892 0.58288 139
1776982583528 0.57687 140
1776982608944 0.58155 141
1776982634326 0.57719 142
1776982659549 0.57567 143
1776982685552 0.56394 144
1776982710912 0.56903 145
1776982736673 0.57047 146
1776982761977 0.57504 147
1776982787188 0.56784 148
1776982812381 0.55792 149
1776982837578 0.5536 150
1776982863063 0.57618 151
1776982888250 0.56587 152
1776982913401 0.55385 153
1776982938767 0.55762 154
1776982963986 0.56198 155
1776982989276 0.54639 156
1776983014479 0.55415 157
1776983039772 0.5486 158
1776983065106 0.54856 159
1776983090120 0.5435 160
1776983115560 0.54796 161
1776983140583 0.5416 162
1776983165923 0.53262 163
1776983190991 0.54911 164
1776983216584 0.53536 165
1776983241789 0.53046 166
1776983266987 0.53893 167
1776983292315 0.53839 168
1776983317497 0.52895 169
1776983342671 0.5264 170
1776983367730 0.52745 171
1776983392948 0.5373 172
1776983418209 0.5217 173
1776983443361 0.52424 174
1776983468503 0.52726 175
1776983493512 0.52035 176
1776983519154 0.52707 177
1776983544405 0.51807 178
1776983569611 0.50979 179
1776983594683 0.50993 180
1776983619941 0.51518 181
1776983645296 0.5118 182
1776983670448 0.51966 183
1776983695660 0.521 184
1776983720827 0.51326 185
1776983746025 0.51372 186
1776983771055 0.51194 187
1776983796269 0.51402 188
1776983821505 0.50308 189
1776983848290 0.42051 190
1776983872655 0.41539 191
1776983897131 0.40703 192
1776983921584 0.402 193
1776983945921 0.4044 194
1776983970247 0.40035 195
1776983994650 0.40288 196
1776984019095 0.40778 197
1776984043443 0.39579 198
1776984067927 0.39603 199
