1776979026116 1.91174 0
1776979054012 1.8112 1
1776979081903 1.82006 2
1776979107913 1.7639 3
1776979133266 1.70428 4
1776979159433 1.69417 5
1776979184915 1.66463 6
1776979210352 1.63654 7
1776979235505 1.64458 8
1776979261707 1.60636 9
1776979286972 1.60976 10
1776979312694 1.58358 11
1776979338495 1.57871 12
1776979363753 1.58343 13
1776979389126 1.54935 14
1776979414484 1.53498 15
1776979439658 1.53601 16
1776979465053 1.55804 17
1776979490345 1.55732 18
1776979515620 1.5527 19
1776979541289 1.53081 20
1776979567508 1.52116 21
1776979592905 1.53657 22
1776979619348 1.52218 23
1776979645918 1.51958 24
1776979672509 1.50565 25
1776979699103 1.47973 26
1776979725963 1.50835 27
1776979752059 1.49586 28
1776979778684 1.49264 29
1776979804724 1.4846 30
1776979830880 1.47207 31
1776979856185 1.47126 32
1776979881409 1.48294 33
1776979906476 1.47684 34
1776979931976 1.4755 35
1776979957319 1.46501 36
1776979982539 1.45449 37
1776980008073 1.46593 38
1776980033506 1.45218 39
1776980058713 1.45406 40
1776980083955 1.47467 41
1776980109321 1.45652 42
1776980134412 1.443 43
1776980159626 1.45245 44
1776980184878 1.44322 45
1776980210130 1.44706 46
1776980235490 1.42841 47
1776980260564 1.44386 48
1776980285817 1.43141 49
1776980311088 1.43705 50
1776980336228 1.43826 51
1776980361551 1.42517 52
1776980386722 1.43302 53
1776980411868 1.41563 54
1776980437038 1.42241 55
1776980462107 1.42482 56
1776980487368 1.41606 57
1776980512709 1.42245 58
1776980537891 1.42375 59
1776980562898 1.40897 60
1776980588350 1.41949 61
1776980613697 1.40408 62
1776980638941 1.39843 63
1776980664031 1.4054 64
1776980689212 1.41014 65
1776980714384 1.42316 66
1776980739586 1.39808 67
1776980764766 1.40328 68
1776980790107 1.40598 69
1776980815375 1.4 70
1776980840821 1.40392 71
1776980865866 1.40094 72
1776980891081 1.39359 73
1776980916432 1.40261 74
1776980941638 1.38941 75
1776980966824 1.38787 76
1776980992060 1.39136 77
1776981017278 1.39395 78
1776981042577 1.39302 79
1776981068051 1.38623 80
1776981093248 1.3859 81
1776981118467 1.3824 82
1776981143610 1.39341 83
1776981169261 1.38703 84
1776981194342 1.37816 85
1776981219729 1.36902 86
1776981244946 1.38089 87
1776981270153 1.38271 88
1776981295221 1.37728 89
1776981320433 1.36686 90
1776981345854 1.37068 91
1776981371163 1.3724 92
1776981396204 1.3816 93
1776981421398 1.36694 94
1776981446574 1.36394 95
1776981471644 1.37234 96
1776981497112 1.37432 97
1776981522322 1.36938 98
1776981547598 1.34797 99
1776981572700 1.35891 100
1776981598255 1.36477 101
1776981623588 1.36414 102
1776981648853 1.35897 103
1776981673966 1.37837 104
1776981699173 1.36681 105
1776981724387 1.35107 106
1776981749744 1.35511 107
1776981774932 1.35487 108
1776981800216 1.35856 109
1776981825469 1.34335 110
1776981850839 1.33784 111
1776981876221 1.35512 112
1776981901432 1.34946 113
1776981926567 1.36281 114
1776981951742 1.34412 115
1776981976931 1.33867 116
1776982002110 1.35142 117
1776982027243 1.35229 118
1776982052591 1.33583 119
1776982077820 1.33917 120
1776982103016 1.3366 121
1776982128977 1.33279 122
1776982154226 1.3276 123
1776982179575 1.34203 124
1776982204685 1.33876 125
1776982229919 1.33314 126
1776982255261 1.33753 127
1776982280672 1.33981 128
1776982306042 1.33032 129
1776982331176 1.33668 130
1776982356556 1.332 131
1776982381758 1.32362 132
1776982406792 1.32895 133
1776982431966 1.32366 134
1776982457121 1.31665 135
1776982482318 1.33005 136
1776982507439 1.31691 137
1776982532896 1.3171 138
1776982557892 1.32214 139
1776982583528 1.30866 140
1776982608944 1.32494 141
1776982634326 1.31488 142
1776982659549 1.3191 143
1776982685552 1.31325 144
1776982710912 1.32213 145
1776982736673 1.31807 146
1776982761977 1.3202 147
1776982787188 1.31808 148
1776982812381 1.30857 149
1776982837578 1.3007 150
1776982863063 1.32181 151
1776982888250 1.30565 152
1776982913401 1.30723 153
1776982938767 1.30369 154
1776982963986 1.31129 155
1776982989276 1.30835 156
1776983014479 1.31416 157
1776983039772 1.3029 158
1776983065106 1.29792 159
1776983090120 1.29967 160
1776983115560 1.3058 161
1776983140583 1.29238 162
1776983165923 1.30023 163
1776983190991 1.30081 164
1776983216584 1.29505 165
1776983241789 1.29151 166
1776983266987 1.28962 167
1776983292315 1.29717 168
1776983317497 1.29017 169
1776983342671 1.28727 170
1776983367730 1.29249 171
1776983392948 1.3051 172
1776983418209 1.28991 173
1776983443361 1.28626 174
1776983468503 1.2974 175
1776983493512 1.29098 176
1776983519154 1.28914 177
1776983544405 1.28059 178
1776983569611 1.28215 179
1776983594683 1.28154 180
1776983619941 1.2844 181
1776983645296 1.27406 182
1776983670448 1.28623 183
1776983695660 1.28235 184
1776983720827 1.27906 185
1776983746025 1.28077 186
1776983771055 1.28614 187
1776983796269 1.28199 188
1776983821505 1.2809 189
1776983848290 1.2459 190
1776983872655 1.24498 191
1776983897131 1.24248 192
1776983921584 1.23693 193
1776983945921 1.23007 194
1776983970247 1.23312 195
1776983994650 1.23606 196
1776984019095 1.23617 197
1776984043443 1.23343 198
1776984067927 1.23009 199
