1776903796739 0.0032967032967032967 0
1776903822763 0.006597217948717949 1
1776903848999 0.009864732600732602 2
1776903874257 0.0098515 3
1776903899524 0.009802 4
1776903924794 0.009752499999999999 5
1776903950136 0.009703 6
1776903975321 0.009653499999999999 7
1776904000687 0.009604 8
1776904025921 0.009554499999999999 9
1776904051078 0.009505 10
1776904076258 0.0094555 11
1776904101895 0.009406 12
1776904127428 0.009356500000000002 13
1776904152897 0.009307 14
1776904178462 0.0092575 15
1776904203950 0.009208000000000001 16
1776904229564 0.0091585 17
1776904255044 0.009109 18
1776904280511 0.0090595 19
1776904306006 0.00901 20
1776904331491 0.0089605 21
1776904356887 0.008911 22
1776904382123 0.0088615 23
1776904407427 0.008812 24
1776904432665 0.0087625 25
1776904457766 0.008713 26
1776904482989 0.0086635 27
1776904508286 0.008614 28
1776904533650 0.0085645 29
1776904558718 0.008515 30
1776904583932 0.0084655 31
1776904609262 0.008416 32
1776904634504 0.0083665 33
1776904659557 0.008317 34
1776904684772 0.0082675 35
1776904710031 0.008218000000000001 36
1776904735365 0.0081685 37
1776904760537 0.008119000000000001 38
1776904785759 0.0080695 39
1776904811073 0.008020000000000001 40
1776904836403 0.0079705 41
1776904861584 0.007921000000000001 42
1776904886816 0.0078715 43
1776904911996 0.007822 44
1776904937319 0.0077725 45
1776904962476 0.007723 46
1776904987836 0.0076735 47
1776905013047 0.007624 48
1776905038264 0.0075745 49
1776905063233 0.007525 50
1776905088835 0.0074755 51
1776905114195 0.007426 52
1776905139322 0.0073765 53
1776905164471 0.007327 54
1776905189772 0.0072775 55
1776905214874 0.007228 56
1776905240082 0.007178500000000001 57
1776905265223 0.007129 58
1776905290472 0.007079500000000001 59
1776905315625 0.00703 60
1776905340803 0.006980500000000001 61
1776905365878 0.006931 62
1776905391040 0.0068815000000000005 63
1776905416412 0.0068319999999999995 64
1776905441569 0.0067825 65
1776905466540 0.006732999999999999 66
1776905491752 0.0066835 67
1776905516950 0.006633999999999999 68
1776905542384 0.0065845 69
1776905567366 0.006535 70
1776905592553 0.006485500000000001 71
1776905617770 0.006436000000000001 72
1776905642989 0.006386500000000001 73
1776905668144 0.006337000000000001 74
1776905693271 0.0062875000000000006 75
1776905718788 0.0062380000000000005 76
1776905743951 0.0061885 77
1776905768997 0.006139 78
1776905794194 0.0060895 79
1776905819421 0.00604 80
1776905844671 0.0059905 81
1776905869695 0.005941000000000001 82
1776905894831 0.0058915 83
1776905919988 0.005842000000000001 84
1776905945173 0.005792499999999999 85
1776905970294 0.005743000000000001 86
1776905995490 0.005693499999999999 87
1776906020649 0.005644000000000001 88
1776906045833 0.005594499999999999 89
1776906071206 0.0055450000000000004 90
1776906096423 0.0054954999999999995 91
1776906121632 0.005446000000000001 92
1776906146716 0.005396499999999999 93
1776906172080 0.005347000000000001 94
1776906197332 0.005297500000000001 95
1776906222537 0.005248000000000001 96
1776906247614 0.005198500000000001 97
1776906272992 0.005149 98
1776906298345 0.0050995 99
1776906323586 0.00505 100
1776906348578 0.0050005 101
1776906373997 0.004951 102
1776906399127 0.0049015 103
1776906424259 0.0048519999999999995 104
1776906449475 0.0048025 105
1776906474921 0.004753 106
1776906500137 0.0047035 107
1776906525461 0.004654 108
1776906550440 0.0046045 109
1776906575887 0.004555 110
1776906601017 0.0045055 111
1776906626270 0.004456 112
1776906651314 0.004406500000000001 113
1776906676734 0.004357000000000001 114
1776906701908 0.0043075000000000006 115
1776906727051 0.0042580000000000005 116
1776906752189 0.0042085000000000004 117
1776906777648 0.004159 118
1776906802919 0.0041095 119
1776906828236 0.00406 120
1776906853184 0.0040105 121
1776906878515 0.003961 122
1776906903967 0.0039115 123
1776906929187 0.003862 124
1776906954249 0.0038125 125
1776906979769 0.0037630000000000003 126
1776907004947 0.0037135000000000002 127
1776907030252 0.003664 128
1776907055552 0.0036145 129
1776907080756 0.003565 130
1776907105786 0.0035155 131
1776907130968 0.003466 132
1776907156156 0.0034164999999999994 133
1776907181302 0.0033669999999999993 134
1776907206422 0.0033175 135
1776907231644 0.003268 136
1776907256920 0.0032184999999999996 137
1776907282227 0.003169000000000001 138
1776907307245 0.0031195000000000007 139
1776907332501 0.0030700000000000007 140
1776907358134 0.0030205000000000006 141
1776907383312 0.0029710000000000006 142
1776907408519 0.0029215000000000005 143
1776907433651 0.002872 144
1776907459024 0.0028225 145
1776907484266 0.0027730000000000007 146
1776907509465 0.0027235000000000002 147
1776907534526 0.002674 148
1776907559731 0.0026245 149
1776907584902 0.002575 150
1776907610083 0.0025255 151
1776907635126 0.002476 152
1776907660464 0.0024265000000000003 153
1776907685711 0.002377 154
1776907711026 0.0023274999999999997 155
1776907736029 0.0022779999999999996 156
1776907761212 0.0022284999999999996 157
1776907786371 0.002179 158
1776907811563 0.0021295 159
1776907836551 0.00208 160
1776907861751 0.0020304999999999998 161
1776907886933 0.0019809999999999993 162
1776907911928 0.0019315000000000007 163
1776907937442 0.0018820000000000006 164
1776907962688 0.0018325000000000006 165
1776907987939 0.0017830000000000005 166
1776908012953 0.0017335000000000004 167
1776908038520 0.0016840000000000006 168
1776908063682 0.0016345000000000005 169
1776908088838 0.0015850000000000003 170
1776908113875 0.0015355000000000002 171
1776908139087 0.0014860000000000001 172
1776908164309 0.0014365000000000003 173
1776908189479 0.0013870000000000002 174
1776908214468 0.0013375000000000001 175
1776908239632 0.001288 176
1776908264828 0.0012384999999999998 177
1776908290090 0.0011889999999999997 178
1776908315217 0.0011394999999999999 179
1776908340396 0.0010899999999999998 180
1776908365640 0.0010404999999999995 181
1776908390692 0.0009909999999999997 182
1776908416221 0.0009414999999999996 183
1776908441556 0.0008919999999999996 184
1776908466732 0.0008424999999999995 185
1776908491732 0.0007929999999999994 186
1776908517208 0.0007434999999999995 187
1776908542401 0.0006940000000000005 188
1776908567634 0.0006445000000000005 189
1776908594501 0.0005950000000000005 190
1776908618879 0.0005455000000000004 191
1776908643186 0.0004960000000000005 192
1776908667491 0.0004465000000000003 193
1776908691804 0.00039700000000000027 194
1776908716277 0.00034750000000000026 195
1776908740579 0.0002980000000000002 196
1776908764901 0.00024850000000000013 197
1776908789346 0.0001990000000000001 198
1776908813658 0.00014950000000000006 199
