1776903800048 0.00687 0
1776903826371 0.44938 1
1776903852449 0.72798 2
1776903877556 0.77079 3
1776903902821 0.75882 4
1776903928080 0.80545 5
1776903953438 0.83653 6
1776903978775 0.86014 7
1776904003966 0.86195 8
1776904029168 0.87313 9
1776904054230 0.88569 10
1776904079706 0.89214 11
1776904105323 0.87616 12
1776904130630 0.88952 13
1776904156215 0.89825 14
1776904181669 0.89073 15
1776904207246 0.8941 16
1776904232759 0.89699 17
1776904258341 0.88771 18
1776904283734 0.89336 19
1776904309197 0.89976 20
1776904334819 0.92165 21
1776904360062 0.89634 22
1776904385371 0.93138 23
1776904410574 0.9094 24
1776904435826 0.93143 25
1776904460909 0.92173 26
1776904486145 0.91503 27
1776904511559 0.93296 28
1776904536789 0.91315 29
1776904561874 0.92961 30
1776904587206 0.93175 31
1776904612421 0.91389 32
1776904637621 0.92136 33
1776904662694 0.92761 34
1776904687925 0.92055 35
1776904713268 0.93689 36
1776904738488 0.92902 37
1776904763685 0.93159 38
1776904788926 0.9293 39
1776904814302 0.91968 40
1776904839656 0.94388 41
1776904864734 0.93253 42
1776904889957 0.93222 43
1776904915236 0.93997 44
1776904940534 0.9419 45
1776904965930 0.94196 46
1776904990966 0.9392 47
1776905016172 0.93687 48
1776905041387 0.94454 49
1776905066847 0.93754 50
1776905092131 0.94507 51
1776905117317 0.9279 52
1776905142586 0.94463 53
1776905167870 0.94604 54
1776905192869 0.94323 55
1776905217997 0.94581 56
1776905243230 0.93921 57
1776905268558 0.94462 58
1776905293590 0.94519 59
1776905318741 0.94417 60
1776905343927 0.94562 61
1776905368957 0.94888 62
1776905394278 0.94884 63
1776905419510 0.94199 64
1776905444677 0.95016 65
1776905469659 0.95 66
1776905494857 0.94691 67
1776905520177 0.9507 68
1776905545497 0.94698 69
1776905570477 0.94749 70
1776905595653 0.94823 71
1776905620878 0.94832 72
1776905646221 0.94886 73
1776905671254 0.94967 74
1776905696370 0.95115 75
1776905721886 0.94612 76
1776905747054 0.94573 77
1776905772109 0.95064 78
1776905797289 0.9483 79
1776905822631 0.95222 80
1776905847773 0.94799 81
1776905872790 0.95336 82
1776905897925 0.95023 83
1776905923096 0.95344 84
1776905948334 0.955 85
1776905973395 0.95333 86
1776905998597 0.95317 87
1776906023758 0.95382 88
1776906049264 0.95569 89
1776906074310 0.95264 90
1776906099532 0.95424 91
1776906124714 0.95406 92
1776906150158 0.95525 93
1776906175304 0.95501 94
1776906200434 0.95728 95
1776906225638 0.95665 96
1776906251042 0.9557 97
1776906276214 0.9569 98
1776906301455 0.95621 99
1776906326686 0.95631 100
1776906352061 0.9565 101
1776906377090 0.95742 102
1776906402230 0.95879 103
1776906427494 0.95958 104
1776906452948 0.95751 105
1776906478021 0.95784 106
1776906503367 0.95857 107
1776906528560 0.95771 108
1776906553917 0.95875 109
1776906578994 0.95867 110
1776906604094 0.9595 111
1776906629374 0.95907 112
1776906654875 0.959 113
1776906679834 0.95926 114
1776906704990 0.95897 115
1776906730267 0.95904 116
1776906755721 0.95938 117
1776906780867 0.95964 118
1776906806202 0.95854 119
1776906831326 0.95877 120
1776906856576 0.9586 121
1776906881738 0.95934 122
1776906907073 0.95937 123
1776906932281 0.95908 124
1776906957792 0.95938 125
1776906982862 0.95946 126
1776907008175 0.95946 127
1776907033457 0.96034 128
1776907058646 0.96045 129
1776907083873 0.96016 130
1776907108881 0.96038 131
1776907134073 0.95994 132
1776907159246 0.96063 133
1776907184525 0.96079 134
1776907209513 0.96021 135
1776907234854 0.96034 136
1776907260138 0.96023 137
1776907285330 0.96041 138
1776907310337 0.95991 139
1776907336161 0.95991 140
1776907361214 0.95983 141
1776907386417 0.95919 142
1776907411738 0.96009 143
1776907437018 0.95967 144
1776907462130 0.95987 145
1776907487358 0.9603 146
1776907512542 0.95981 147
1776907537694 0.96053 148
1776907562822 0.96037 149
1776907587982 0.95991 150
1776907613187 0.95996 151
1776907638357 0.96049 152
1776907663602 0.96033 153
1776907688837 0.96016 154
1776907714101 0.96019 155
1776907739108 0.95981 156
1776907764296 0.96 157
1776907789466 0.95989 158
1776907814630 0.95987 159
1776907839646 0.95967 160
1776907864833 0.95943 161
1776907890034 0.95914 162
1776907915524 0.95902 163
1776907940555 0.95895 164
1776907965815 0.95889 165
1776907991029 0.95973 166
1776908016601 0.95964 167
1776908041609 0.95966 168
1776908066769 0.95956 169
1776908091930 0.96074 170
1776908117002 0.96109 171
1776908142194 0.96117 172
1776908167401 0.96118 173
1776908192570 0.96116 174
1776908217549 0.96109 175
1776908242734 0.96093 176
1776908267926 0.9608 177
1776908293253 0.95972 178
1776908318309 0.95966 179
1776908343492 0.9596 180
1776908368733 0.95914 181
1776908394249 0.95913 182
1776908419313 0.9592 183
1776908444646 0.95921 184
1776908469826 0.95913 185
1776908495215 0.95921 186
1776908520297 0.9592 187
1776908545488 0.95921 188
1776908570726 0.95915 189
1776908597618 0.95923 190
1776908621941 0.95922 191
1776908646237 0.95927 192
1776908670553 0.95934 193
1776908695024 0.95905 194
1776908719329 0.95909 195
1776908743634 0.95947 196
1776908768080 0.95916 197
1776908792405 0.95911 198
1776908816718 0.95916 199
1776908821369 0.9591566859648145 199
