1776903800048 0.00265 0
1776903826371 0.29364 1
1776903852449 0.47829 2
1776903877556 0.54017 3
1776903902821 0.55406 4
1776903928080 0.57862 5
1776903953438 0.62616 6
1776903978775 0.6583 7
1776904003966 0.663 8
1776904029168 0.6749 9
1776904054230 0.65121 10
1776904079706 0.69806 11
1776904105323 0.67463 12
1776904130630 0.67655 13
1776904156215 0.69484 14
1776904181669 0.67317 15
1776904207246 0.70667 16
1776904232759 0.68853 17
1776904258341 0.67562 18
1776904283734 0.68721 19
1776904309197 0.69921 20
1776904334819 0.72292 21
1776904360062 0.69557 22
1776904385371 0.74406 23
1776904410574 0.71934 24
1776904435826 0.74002 25
1776904460909 0.73455 26
1776904486145 0.72757 27
1776904511559 0.75485 28
1776904536789 0.72248 29
1776904561874 0.75398 30
1776904587206 0.757 31
1776904612421 0.72908 32
1776904637621 0.74644 33
1776904662694 0.75285 34
1776904687925 0.74459 35
1776904713268 0.76533 36
1776904738488 0.74904 37
1776904763685 0.75684 38
1776904788926 0.74597 39
1776904814302 0.74157 40
1776904839656 0.77205 41
1776904864734 0.75889 42
1776904889957 0.76273 43
1776904915236 0.77297 44
1776904940534 0.77226 45
1776904965930 0.77712 46
1776904990966 0.76823 47
1776905016172 0.76363 48
1776905041387 0.7763 49
1776905066847 0.76962 50
1776905092131 0.7825 51
1776905117317 0.7499 52
1776905142586 0.7884 53
1776905167870 0.78202 54
1776905192869 0.78012 55
1776905217997 0.7838 56
1776905243230 0.77424 57
1776905268558 0.78491 58
1776905293590 0.78542 59
1776905318741 0.7805 60
1776905343927 0.78287 61
1776905368957 0.78828 62
1776905394278 0.79252 63
1776905419510 0.78062 64
1776905444677 0.79077 65
1776905469659 0.78948 66
1776905494857 0.79251 67
1776905520177 0.79687 68
1776905545497 0.7942 69
1776905570477 0.78854 70
1776905595653 0.79329 71
1776905620878 0.79281 72
1776905646221 0.79974 73
1776905671254 0.795 74
1776905696370 0.7952 75
1776905721886 0.79695 76
1776905747054 0.79279 77
1776905772109 0.79667 78
1776905797289 0.7945 79
1776905822631 0.80467 80
1776905847773 0.79364 81
1776905872790 0.80159 82
1776905897925 0.79754 83
1776905923096 0.80066 84
1776905948334 0.80321 85
1776905973395 0.8021 86
1776905998597 0.80312 87
1776906023758 0.80083 88
1776906049264 0.80607 89
1776906074310 0.80388 90
1776906099532 0.80203 91
1776906124714 0.80141 92
1776906150158 0.80302 93
1776906175304 0.80654 94
1776906200434 0.80498 95
1776906225638 0.80577 96
1776906251042 0.80797 97
1776906276214 0.81001 98
1776906301455 0.80755 99
1776906326686 0.80861 100
1776906352061 0.80916 101
1776906377090 0.80891 102
1776906402230 0.80955 103
1776906427494 0.81346 104
1776906452948 0.81185 105
1776906478021 0.81266 106
1776906503367 0.81463 107
1776906528560 0.81223 108
1776906553917 0.81275 109
1776906578994 0.8115 110
1776906604094 0.81307 111
1776906629374 0.81235 112
1776906654875 0.81426 113
1776906679834 0.814 114
1776906704990 0.81423 115
1776906730267 0.81553 116
1776906755721 0.81479 117
1776906780867 0.81586 118
1776906806202 0.81661 119
1776906831326 0.81595 120
1776906856576 0.81645 121
1776906881738 0.81693 122
1776906907073 0.81619 123
1776906932281 0.81656 124
1776906957792 0.81604 125
1776906982862 0.81614 126
1776907008175 0.81743 127
1776907033457 0.81798 128
1776907058646 0.81783 129
1776907083873 0.8175 130
1776907108881 0.81767 131
1776907134073 0.81744 132
1776907159246 0.81763 133
1776907184525 0.81811 134
1776907209513 0.81765 135
1776907234854 0.81815 136
1776907260138 0.8191 137
1776907285330 0.81906 138
1776907310337 0.81892 139
1776907336161 0.81963 140
1776907361214 0.81905 141
1776907386417 0.81937 142
1776907411738 0.8198 143
1776907437018 0.81875 144
1776907462130 0.81901 145
1776907487358 0.81937 146
1776907512542 0.81891 147
1776907537694 0.81917 148
1776907562822 0.81952 149
1776907587982 0.81955 150
1776907613187 0.81961 151
1776907638357 0.82011 152
1776907663602 0.81898 153
1776907688837 0.81887 154
1776907714101 0.81878 155
1776907739108 0.81872 156
1776907764296 0.81864 157
1776907789466 0.81925 158
1776907814630 0.81876 159
1776907839646 0.81872 160
1776907864833 0.81858 161
1776907890034 0.81777 162
1776907915524 0.81788 163
1776907940555 0.81782 164
1776907965815 0.81799 165
1776907991029 0.81764 166
1776908016601 0.81782 167
1776908041609 0.81766 168
1776908066769 0.81782 169
1776908091930 0.81836 170
1776908117002 0.81745 171
1776908142194 0.81824 172
1776908167401 0.81824 173
1776908192570 0.81832 174
1776908217549 0.81841 175
1776908242734 0.81884 176
1776908267926 0.81822 177
1776908293253 0.81864 178
1776908318309 0.81847 179
1776908343492 0.81846 180
1776908368733 0.81849 181
1776908394249 0.819 182
1776908419313 0.81898 183
1776908444646 0.81848 184
1776908469826 0.81895 185
1776908495215 0.81911 186
1776908520297 0.81936 187
1776908545488 0.81927 188
1776908570726 0.81941 189
1776908597618 0.81946 190
1776908621941 0.81962 191
1776908646237 0.81937 192
1776908670553 0.8198 193
1776908695024 0.82015 194
1776908719329 0.81987 195
1776908743634 0.82007 196
1776908768080 0.82028 197
1776908792405 0.82025 198
1776908816718 0.82017 199
1776908821369 0.8204735140681041 199
