1776903800048 0.02385 0
1776903826371 0.56745 1
1776903852449 0.71678 2
1776903877556 0.78761 3
1776903902821 0.74307 4
1776903928080 0.79279 5
1776903953438 0.78583 6
1776903978775 0.83948 7
1776904003966 0.8023 8
1776904029168 0.8276 9
1776904054230 0.83172 10
1776904079706 0.84324 11
1776904105323 0.82756 12
1776904130630 0.84656 13
1776904156215 0.79363 14
1776904181669 0.83265 15
1776904207246 0.8224 16
1776904232759 0.83417 17
1776904258341 0.84611 18
1776904283734 0.83315 19
1776904309197 0.84808 20
1776904334819 0.86863 21
1776904360062 0.82917 22
1776904385371 0.8738 23
1776904410574 0.8369 24
1776904435826 0.87012 25
1776904460909 0.85901 26
1776904486145 0.83705 27
1776904511559 0.88613 28
1776904536789 0.86698 29
1776904561874 0.88866 30
1776904587206 0.87888 31
1776904612421 0.85279 32
1776904637621 0.85233 33
1776904662694 0.86778 34
1776904687925 0.83902 35
1776904713268 0.87232 36
1776904738488 0.88376 37
1776904763685 0.85303 38
1776904788926 0.87338 39
1776904814302 0.88061 40
1776904839656 0.88565 41
1776904864734 0.87135 42
1776904889957 0.84008 43
1776904915236 0.90427 44
1776904940534 0.8899 45
1776904965930 0.86812 46
1776904990966 0.88148 47
1776905016172 0.88004 48
1776905041387 0.89603 49
1776905066847 0.87333 50
1776905092131 0.88734 51
1776905117317 0.89276 52
1776905142586 0.87503 53
1776905167870 0.8964 54
1776905192869 0.90251 55
1776905217997 0.88471 56
1776905243230 0.89499 57
1776905268558 0.894 58
1776905293590 0.89999 59
1776905318741 0.89709 60
1776905343927 0.88935 61
1776905368957 0.91112 62
1776905394278 0.894 63
1776905419510 0.88192 64
1776905444677 0.89553 65
1776905469659 0.90661 66
1776905494857 0.88563 67
1776905520177 0.90761 68
1776905545497 0.90455 69
1776905570477 0.90324 70
1776905595653 0.91214 71
1776905620878 0.91744 72
1776905646221 0.89965 73
1776905671254 0.89239 74
1776905696370 0.90038 75
1776905721886 0.91946 76
1776905747054 0.89546 77
1776905772109 0.88606 78
1776905797289 0.89384 79
1776905822631 0.92127 80
1776905847773 0.90608 81
1776905872790 0.91854 82
1776905897925 0.90668 83
1776905923096 0.92856 84
1776905948334 0.89701 85
1776905973395 0.90945 86
1776905998597 0.9221 87
1776906023758 0.90495 88
1776906049264 0.89997 89
1776906074310 0.89737 90
1776906099532 0.90079 91
1776906124714 0.91096 92
1776906150158 0.92289 93
1776906175304 0.91928 94
1776906200434 0.91568 95
1776906225638 0.91094 96
1776906251042 0.91302 97
1776906276214 0.9185 98
1776906301455 0.91342 99
1776906326686 0.91499 100
1776906352061 0.92648 101
1776906377090 0.91225 102
1776906402230 0.9243 103
1776906427494 0.91793 104
1776906452948 0.89963 105
1776906478021 0.92829 106
1776906503367 0.93503 107
1776906528560 0.93542 108
1776906553917 0.90855 109
1776906578994 0.91119 110
1776906604094 0.92759 111
1776906629374 0.92192 112
1776906654875 0.93492 113
1776906679834 0.92115 114
1776906704990 0.90308 115
1776906730267 0.92613 116
1776906755721 0.88881 117
1776906780867 0.90796 118
1776906806202 0.90109 119
1776906831326 0.91452 120
1776906856576 0.91743 121
1776906881738 0.91029 122
1776906907073 0.90726 123
1776906932281 0.90764 124
1776906957792 0.91243 125
1776906982862 0.91068 126
1776907008175 0.91731 127
1776907033457 0.92157 128
1776907058646 0.9238 129
1776907083873 0.92114 130
1776907108881 0.91667 131
1776907134073 0.91765 132
1776907159246 0.91704 133
1776907184525 0.92351 134
1776907209513 0.91702 135
1776907234854 0.92448 136
1776907260138 0.92252 137
1776907285330 0.92604 138
1776907310337 0.92602 139
1776907336161 0.9267 140
1776907361214 0.93051 141
1776907386417 0.92905 142
1776907411738 0.92928 143
1776907437018 0.9318 144
1776907462130 0.93323 145
1776907487358 0.93186 146
1776907512542 0.93262 147
1776907537694 0.92952 148
1776907562822 0.93252 149
1776907587982 0.93155 150
1776907613187 0.93256 151
1776907638357 0.92954 152
1776907663602 0.93171 153
1776907688837 0.93323 154
1776907714101 0.9348 155
1776907739108 0.93473 156
1776907764296 0.93323 157
1776907789466 0.93394 158
1776907814630 0.93384 159
1776907839646 0.93309 160
1776907864833 0.93314 161
1776907890034 0.93296 162
1776907915524 0.93451 163
1776907940555 0.93411 164
1776907965815 0.9312 165
1776907991029 0.93095 166
1776908016601 0.93085 167
1776908041609 0.92573 168
1776908066769 0.92178 169
1776908091930 0.91974 170
1776908117002 0.91615 171
1776908142194 0.91652 172
1776908167401 0.91602 173
1776908192570 0.91569 174
1776908217549 0.91658 175
1776908242734 0.9176 176
1776908267926 0.91844 177
1776908293253 0.91704 178
1776908318309 0.92024 179
1776908343492 0.92272 180
1776908368733 0.92303 181
1776908394249 0.92351 182
1776908419313 0.9242 183
1776908444646 0.92424 184
1776908469826 0.92538 185
1776908495215 0.92487 186
1776908520297 0.9247 187
1776908545488 0.92489 188
1776908570726 0.91882 189
1776908597618 0.92487 190
1776908621941 0.92222 191
1776908646237 0.9234 192
1776908670553 0.91633 193
1776908695024 0.91808 194
1776908719329 0.91684 195
1776908743634 0.91542 196
1776908768080 0.91674 197
1776908792405 0.91699 198
1776908816718 0.91743 199
1776908821369 0.916469104372104 199
