1776903800048 0.02147 0
1776903826371 0.43765 1
1776903852449 0.65413 2
1776903877556 0.68043 3
1776903902821 0.70355 4
1776903928080 0.74732 5
1776903953438 0.77787 6
1776903978775 0.7597 7
1776904003966 0.82164 8
1776904029168 0.80864 9
1776904054230 0.82411 10
1776904079706 0.80182 11
1776904105323 0.8076 12
1776904130630 0.8155 13
1776904156215 0.85879 14
1776904181669 0.8431 15
1776904207246 0.85467 16
1776904232759 0.81503 17
1776904258341 0.79906 18
1776904283734 0.82989 19
1776904309197 0.8365 20
1776904334819 0.85879 21
1776904360062 0.8337 22
1776904385371 0.87036 23
1776904410574 0.84476 24
1776904435826 0.86851 25
1776904460909 0.86375 26
1776904486145 0.87779 27
1776904511559 0.87614 28
1776904536789 0.83402 29
1776904561874 0.85679 30
1776904587206 0.86882 31
1776904612421 0.84889 32
1776904637621 0.88935 33
1776904662694 0.87614 34
1776904687925 0.88935 35
1776904713268 0.88571 36
1776904738488 0.85381 37
1776904763685 0.88188 38
1776904788926 0.87283 39
1776904814302 0.84054 40
1776904839656 0.88935 41
1776904864734 0.87807 42
1776904889957 0.90227 43
1776904915236 0.86457 44
1776904940534 0.86771 45
1776904965930 0.89926 46
1776904990966 0.88192 47
1776905016172 0.89054 48
1776905041387 0.87283 49
1776905066847 0.88026 50
1776905092131 0.891 51
1776905117317 0.85244 52
1776905142586 0.89623 53
1776905167870 0.87944 54
1776905192869 0.86292 55
1776905217997 0.88715 56
1776905243230 0.87971 57
1776905268558 0.87753 58
1776905293590 0.88604 59
1776905318741 0.89017 60
1776905343927 0.89601 61
1776905368957 0.87944 62
1776905394278 0.8984 63
1776905419510 0.90091 64
1776905444677 0.90606 65
1776905469659 0.89265 66
1776905494857 0.90091 67
1776905520177 0.88423 68
1776905545497 0.88274 69
1776905570477 0.88647 70
1776905595653 0.89155 71
1776905620878 0.88357 72
1776905646221 0.89348 73
1776905671254 0.90391 74
1776905696370 0.89562 75
1776905721886 0.87036 76
1776905747054 0.891 77
1776905772109 0.91186 78
1776905797289 0.90386 79
1776905822631 0.88893 80
1776905847773 0.88935 81
1776905872790 0.89348 82
1776905897925 0.89051 83
1776905923096 0.86944 84
1776905948334 0.91495 85
1776905973395 0.891 86
1776905998597 0.87974 87
1776906023758 0.89678 88
1776906049264 0.90504 89
1776906074310 0.90091 90
1776906099532 0.8997 91
1776906124714 0.88705 92
1776906150158 0.88357 93
1776906175304 0.89513 94
1776906200434 0.90571 95
1776906225638 0.90421 96
1776906251042 0.90421 97
1776906276214 0.89843 98
1776906301455 0.90606 99
1776906326686 0.90661 100
1776906352061 0.89017 101
1776906377090 0.90998 102
1776906402230 0.90339 103
1776906427494 0.90917 104
1776906452948 0.91774 105
1776906478021 0.89182 106
1776906503367 0.891 107
1776906528560 0.89017 108
1776906553917 0.91064 109
1776906578994 0.90751 110
1776906604094 0.89914 111
1776906629374 0.89348 112
1776906654875 0.88274 113
1776906679834 0.89717 114
1776906704990 0.9166 115
1776906730267 0.89032 116
1776906755721 0.92416 117
1776906780867 0.91082 118
1776906806202 0.91495 119
1776906831326 0.89761 120
1776906856576 0.89513 121
1776906881738 0.90421 122
1776906907073 0.90586 123
1776906932281 0.90339 124
1776906957792 0.90337 125
1776906982862 0.90421 126
1776907008175 0.90008 127
1776907033457 0.89513 128
1776907058646 0.8943 129
1776907083873 0.89348 130
1776907108881 0.89934 131
1776907134073 0.90179 132
1776907159246 0.90369 133
1776907184525 0.89678 134
1776907209513 0.90421 135
1776907234854 0.89972 136
1776907260138 0.90091 137
1776907285330 0.89956 138
1776907310337 0.89513 139
1776907336161 0.89779 140
1776907361214 0.89572 141
1776907386417 0.8943 142
1776907411738 0.89348 143
1776907437018 0.89182 144
1776907462130 0.88863 145
1776907487358 0.89216 146
1776907512542 0.89265 147
1776907537694 0.893 148
1776907562822 0.891 149
1776907587982 0.89182 150
1776907613187 0.89063 151
1776907638357 0.89348 152
1776907663602 0.891 153
1776907688837 0.88876 154
1776907714101 0.88789 155
1776907739108 0.88699 156
1776907764296 0.88866 157
1776907789466 0.88732 158
1776907814630 0.88585 159
1776907839646 0.88668 160
1776907864833 0.88747 161
1776907890034 0.88492 162
1776907915524 0.88378 163
1776907940555 0.88274 164
1776907965815 0.8877 165
1776907991029 0.88687 166
1776908016601 0.88928 167
1776908041609 0.891 168
1776908066769 0.89529 169
1776908091930 0.89761 170
1776908117002 0.89761 171
1776908142194 0.89843 172
1776908167401 0.89843 173
1776908192570 0.89843 174
1776908217549 0.89822 175
1776908242734 0.89761 176
1776908267926 0.89761 177
1776908293253 0.89761 178
1776908318309 0.8956 179
1776908343492 0.89513 180
1776908368733 0.89513 181
1776908394249 0.8943 182
1776908419313 0.8943 183
1776908444646 0.8943 184
1776908469826 0.89513 185
1776908495215 0.8943 186
1776908520297 0.8943 187
1776908545488 0.8943 188
1776908570726 0.89761 189
1776908597618 0.8943 190
1776908621941 0.89595 191
1776908646237 0.8959 192
1776908670553 0.89926 193
1776908695024 0.89926 194
1776908719329 0.89926 195
1776908743634 0.89926 196
1776908768080 0.89926 197
1776908792405 0.89926 198
1776908816718 0.89919 199
1776908821369 0.8992568125516103 199
